[[[-0.0446313 ,  0.28255764, -0.15593894,  0.09130589,  0.36674255,
        -0.25566345,  0.33974501, -0.15115845,  0.31732848, -0.14374143,
         0.33251405,  0.04955903, -0.16466694, -0.30291304,  0.13090348,
        -0.20233767,  0.35718456,  0.29701895, -0.3769377 ,  0.49601728,
        -0.12876448, -0.1671783 ,  0.33280906,  0.1816868 , -0.09071904,
         0.21013607,  0.44951627,  0.23427817, -0.24969369, -0.00297481,
        -0.20125662,  0.06283599, -0.21366964,  0.08111106,  0.10217652,
         0.36436722,  0.13279034,  0.3983732 ,  0.2457112 ,  0.32547408,
        -0.24479847, -0.07166082,  0.2847111 , -0.36396435, -0.2838846 ,
         0.15845846,  0.17386569, -0.26496172,  0.10511368, -0.41284895,
        -0.04759538, -0.14126056,  0.0153268 , -0.15083037, -0.11748313,
         0.3391871 , -0.14844182, -0.25636074,  0.06084475, -0.29456708,
        -0.3360367 , -0.146091  ,  0.3976984 ,  0.21858777],
       [-0.29897863, -0.2838251 , -0.2314873 , -0.07330678, -0.3659415 ,
        -0.28448546, -0.40221703, -0.06604467,  0.27923197, -0.25261232,
         0.29146075,  0.36160973,  0.10520244,  0.07535781, -0.2965346 ,
         0.01771456, -0.4305499 ,  0.24209218, -0.03914073, -0.00794563,
        -0.16290063,  0.06607106,  0.266744  , -0.3960014 , -0.2625923 ,
        -0.254453  , -0.13669522,  0.26445085, -0.09528048,  0.3336412 ,
        -0.27548555,  0.14185064, -0.00315699, -0.37111083, -0.0972388 ,
         0.07727908,  0.24740331, -0.05065598,  0.05887195, -0.12038318,
         0.10872379, -0.19281632,  0.20109148, -0.11152273, -0.14450686,
         0.14686275,  0.1446551 ,  0.08458152,  0.2530043 ,  0.2439895 ,
        -0.28748554,  0.34886357, -0.26892245,  0.32792115,  0.11518216,
         0.26256555, -0.1535157 , -0.25637215, -0.02312933, -0.08072332,
         0.1406973 , -0.11398023,  0.09932051, -0.41629782],
       [-0.03071299,  0.19377074, -0.27045956, -0.17706954, -0.06910983,
        -0.18056165, -0.11817227, -0.23124179, -0.354535  ,  0.27586326,
        -0.3785211 , -0.08169191, -0.14682317,  0.3220875 ,  0.29811794,
        -0.13621993, -0.17135583, -0.00447162,  0.33253685,  0.02065418,
         0.4291345 , -0.0545516 , -0.43130466,  0.06501995,  0.10327507,
        -0.30301768,  0.01733466,  0.01638407,  0.09869544, -0.04263729,
        -0.19866571,  0.28751573, -0.11647119,  0.22832033,  0.2975523 ,
        -0.09678014, -0.03477277, -0.0012849 , -0.48977038, -0.27100354,
         0.38861474,  0.4104911 , -0.38416603,  0.3952384 ,  0.22274734,
        -0.32166374, -0.27105647, -0.29691032, -0.11960114,  0.3547211 ,
        -0.14715186,  0.06409194, -0.06138019,  0.18653396,  0.32239673,
        -0.00836516, -0.07323207, -0.1504031 , -0.17078309,  0.3714179 ,
         0.34656796, -0.17922825,  0.01258804,  0.15596825]],
       [ 0.        , -0.05031345,  0.        , -0.00821957,  0.02249128,
        0.        ,  0.06371672,  0.        , -0.07716598,  0.17718366,
       -0.07325226, -0.10846967,  0.        ,  0.02053422,  0.03807732,
        0.        ,  0.11007053, -0.16770038,  0.09037849, -0.10896664,
        0.03789408,  0.        , -0.05879989,  0.11887299, -0.01696796,
       -0.00729226, -0.02894808, -0.17849341, -0.03207409, -0.11319262,
        0.        , -0.19246842,  0.        ,  0.13115957, -0.1130227 ,
       -0.01720916, -0.10128479, -0.04886413,  0.03892291,  0.06325419,
       -0.07330383,  0.03020051, -0.0277783 ,  0.03945824,  0.13598247,
        0.04144025, -0.01089309,  0.        , -0.04694897, -0.06135821,
        0.        , -0.15264678,  0.        , -0.16774303, -0.1184395 ,
       -0.18776959,  0.        ,  0.        , -0.00745553,  0.07337631,
       -0.00266608,  0.        , -0.12045024,  0.04624061],  [[-3.31942588e-02, -1.51510164e-01,  1.00408360e-01,
        -2.04317063e-01,  1.29978523e-01, -8.05943459e-02,
        -1.95982680e-01, -1.97905391e-01,  1.19402960e-01,
        -1.72507942e-01, -8.89847875e-02,  9.86383408e-02,
        -1.84917703e-01,  4.86886650e-02, -1.41371652e-01,
         9.17700976e-02, -6.73840940e-03,  1.69275984e-01,
        -7.84866363e-02, -2.04327226e-01,  2.45225430e-02,
         1.37624189e-01, -2.03016922e-01,  8.60773474e-02,
        -1.09075986e-01,  1.37183383e-01,  7.03775436e-02,
         1.44439638e-02,  9.61175710e-02, -1.83814615e-01,
        -1.47622615e-01, -1.50064766e-01,  9.27373320e-02,
        -1.39487505e-01, -6.81807697e-02,  2.01142177e-01,
         1.93333223e-01,  5.87907881e-02, -1.02540947e-01,
         2.11726680e-01,  1.96078792e-01,  8.22425932e-02,
        -1.92665309e-02,  8.86227638e-02,  7.09917396e-02,
        -5.60117662e-02,  2.03620002e-01,  1.51942968e-02,
         7.84009546e-02,  6.58372790e-02, -1.53965026e-01,
         3.97479683e-02,  7.67360181e-02, -1.54702812e-01,
         1.80363104e-01, -7.97123909e-02, -1.96211562e-01,
         1.69874564e-01, -7.69470483e-02,  2.12114707e-01,
         5.73382825e-02,  1.23764917e-01,  4.32887673e-03,
        -2.13172838e-01],
       [-3.19108367e-02,  3.51407081e-02, -3.18331532e-02,
         2.85104007e-01,  1.24224193e-01,  1.38413474e-01,
         2.78657656e-02,  9.82165895e-03, -3.03765148e-01,
        -4.92053255e-02,  1.52879998e-01, -1.10438518e-01,
        -5.48324585e-02,  3.62485945e-01,  4.11853790e-02,
        -7.36616254e-02,  3.36794369e-02, -1.67239472e-01,
         1.51028842e-01,  5.00215180e-02, -9.36642364e-02,
        -2.18088895e-01,  1.07009731e-01, -4.40008521e-01,
         3.17554362e-02,  2.48434156e-01,  5.16966321e-02,
        -1.59937158e-01,  6.55989945e-02,  6.57370016e-02,
         8.03918093e-02,  2.07451805e-01, -9.70469266e-02,
        -1.44250005e-01,  1.73329681e-01,  3.35414559e-01,
         9.55217555e-02,  3.17454189e-01,  2.68360227e-01,
         3.32231253e-01,  1.60253182e-01,  3.09371918e-01,
         1.97756797e-01,  5.79601452e-02, -5.86255230e-02,
        -1.01980895e-01,  1.08359188e-01,  2.23685473e-01,
        -2.99109101e-01,  9.21889022e-02, -6.35935366e-02,
        -1.34157822e-01, -6.36303723e-02,  6.96529262e-03,
         1.77009463e-01, -7.88949311e-01,  1.16516918e-01,
         1.48799606e-02, -6.34786636e-02, -5.00153005e-02,
         8.56380463e-02,  3.60096902e-01, -4.78906631e-02,
         1.58653520e-02],
       [ 7.48374611e-02,  3.09093893e-02, -1.11322805e-01,
         2.12672606e-01, -1.01952285e-01,  1.87710986e-01,
         7.08353370e-02,  1.50839463e-01, -1.74306214e-01,
        -1.82922274e-01, -1.91901624e-01, -1.19129427e-01,
         1.59956351e-01,  1.33509174e-01, -1.79615289e-01,
        -3.09342593e-02, -1.68663144e-01, -1.02769464e-01,
        -1.16043948e-01,  3.20131034e-02,  1.33028045e-01,
        -1.48378760e-02,  4.54239994e-02,  2.11362347e-01,
         1.95091382e-01,  5.10490984e-02, -2.15206161e-01,
         6.17281348e-02,  1.72676548e-01, -1.60658315e-01,
         2.30385959e-02, -4.91295755e-03,  5.83236367e-02,
        -1.25533670e-01, -7.66899288e-02, -1.57564282e-02,
         4.17847186e-02, -2.15517789e-01, -4.05457020e-02,
         1.66606590e-01,  1.60214648e-01,  1.07114658e-01,
         2.07242832e-01, -1.16111822e-01,  7.10949302e-04,
         2.16324851e-01, -8.02744180e-02,  8.46316367e-02,
        -7.46559352e-02,  1.75521061e-01,  7.00402409e-02,
         7.76890069e-02, -1.85759827e-01, -1.86842993e-01,
         7.68315345e-02, -1.90367043e-01, -1.51036352e-01,
         1.63333729e-01, -1.09157592e-01,  1.19633749e-01,
        -7.96635598e-02, -2.10520282e-01,  5.94900697e-02,
        -1.02902383e-01],
       [ 1.28233153e-02,  5.12643680e-02,  1.84313938e-01,
        -6.20344169e-02,  1.48754930e-02,  7.45364174e-04,
         5.61068207e-02, -4.91848141e-02,  6.73571378e-02,
        -2.19148584e-02, -2.11248934e-01,  6.89843297e-02,
         1.48359075e-01, -1.15081541e-01,  1.44499505e-03,
         1.37215599e-01,  1.46660224e-01,  3.64435650e-02,
        -1.75344441e-02, -1.88096598e-01, -1.25740498e-01,
        -2.23849058e-01, -1.35759398e-01,  1.52414396e-01,
         8.87968242e-02,  1.62912570e-02,  1.93533450e-02,
        -1.03831708e-01, -1.80619746e-01, -1.68321714e-01,
         1.09795079e-01, -1.01446502e-01,  2.18558088e-01,
        -2.18644459e-02, -1.93640932e-01,  1.23474263e-01,
         1.76026866e-01, -1.27598435e-01,  6.37148619e-02,
         8.87510031e-02, -1.94981068e-01, -8.68104100e-02,
        -1.01197876e-01,  9.24956501e-02, -1.16608568e-01,
        -1.42028406e-01, -9.89087150e-02,  2.30729774e-01,
        -1.57942027e-01,  1.90986916e-01,  6.26120120e-02,
         1.31279841e-01,  1.33871421e-01,  5.73298931e-02,
        -1.58680473e-02, -1.96315005e-01, -7.14556873e-02,
        -8.26749429e-02,  1.23044156e-01,  1.95458233e-01,
        -6.46574721e-02,  4.75850366e-02,  1.63523287e-01,
        -5.24736457e-02],
       [ 1.72653660e-01, -2.16535971e-01, -4.39702153e-01,
         1.07091159e-01,  3.84566598e-02, -4.95271474e-01,
         1.69831693e-01,  1.10505961e-01,  1.63887441e-01,
         2.44710669e-01,  6.97746158e-01, -3.66313428e-01,
        -1.95766166e-01,  4.07497495e-01, -2.39972025e-01,
        -6.60589114e-02,  1.85435060e-02,  1.83317736e-01,
         1.69209257e-01, -1.78636327e-01, -3.00927786e-03,
        -1.47396654e-01,  3.46845239e-01, -3.68446887e-01,
         1.05529316e-02, -1.71548530e-01, -2.22018007e-02,
         1.45070925e-01, -4.94880974e-03, -4.55748111e-01,
         1.07690908e-01,  3.64081919e-01,  7.79622719e-02,
         1.26598831e-02, -1.42850578e-01,  6.54183626e-01,
         1.67070366e-02, -1.28669113e-01,  1.20598644e-01,
         1.61326304e-01,  4.39448565e-01, -2.85630494e-01,
         3.60412866e-01, -3.93853225e-02,  3.01528275e-01,
        -2.53921330e-01,  4.28688407e-01,  5.15232146e-01,
        -6.37762606e-01, -1.24681935e-01, -1.80404946e-01,
        -9.78986844e-02,  3.79871577e-02,  2.64395773e-01,
        -3.75582799e-02, -5.21384656e-01, -2.43341208e-01,
         1.54324561e-01, -5.90136498e-02,  5.03631651e-01,
        -7.30230659e-02,  3.82729679e-01,  1.54178426e-01,
        -8.24891869e-03],
       [ 1.29150257e-01,  2.10004672e-01, -4.54065204e-02,
        -1.63538158e-02, -1.39587328e-01, -8.34661871e-02,
         2.02762485e-02, -1.31535470e-01,  8.69754106e-02,
         1.90212801e-01,  1.78721443e-01,  2.07736716e-01,
         1.28035083e-01,  7.05785304e-02, -9.47881639e-02,
        -2.07613707e-01, -2.08895981e-01,  2.06822738e-01,
        -1.22297451e-01,  5.57359308e-02, -1.49146676e-01,
        -2.74226069e-02,  2.13104919e-01, -3.38357240e-02,
         3.30619067e-02, -2.04984248e-02,  1.99702397e-01,
         1.25127718e-01, -1.06419764e-01, -1.50169522e-01,
        -6.03015721e-02,  6.37989789e-02,  1.07637241e-01,
         7.56150633e-02, -8.84331763e-02, -8.83496106e-02,
         1.94262460e-01, -3.76171917e-02,  9.06713456e-02,
         1.19791850e-01, -1.71380699e-01,  1.69062465e-02,
        -1.23748153e-01, -1.76533937e-01,  4.69197780e-02,
         1.18808165e-01,  5.49703985e-02, -2.46274322e-02,
        -1.57374665e-01,  2.24290788e-03,  1.97215542e-01,
        -1.68920785e-01, -3.67041528e-02, -1.96526498e-02,
        -6.26933575e-02, -8.43302310e-02,  1.98206112e-01,
         5.47217578e-02, -1.03408925e-01,  2.12759212e-01,
         1.79622367e-01,  1.95451364e-01,  2.44793296e-03,
         1.40855089e-01],
       [ 7.03336895e-02, -1.80572033e-01, -8.32325041e-01,
         3.87804627e-01,  3.26383375e-02, -5.80136240e-01,
        -2.08749026e-01,  4.93777335e-01,  1.48087842e-02,
         3.58895242e-01,  1.14635360e+00, -3.47902067e-02,
        -2.68607348e-01,  4.84004766e-01, -4.61732358e-01,
        -3.36063772e-01,  1.21042632e-01,  3.45347732e-01,
         3.32871646e-01, -3.12993616e-01, -1.06954776e-01,
        -9.55975056e-02,  1.88999534e-01, -6.65056705e-01,
        -1.52432293e-01, -8.43584180e-01, -4.12352890e-01,
         1.57080442e-01, -7.39446515e-03, -4.83814120e-01,
         4.33415830e-01,  3.85904551e-01, -1.14989214e-01,
         7.33562484e-02, -9.12920535e-01,  7.93967605e-01,
         2.93867528e-01, -4.59889561e-01,  4.33809340e-01,
        -3.20484862e-02,  6.57023013e-01, -4.09402996e-01,
         3.86476249e-01, -1.64266601e-01,  1.29882976e-01,
        -1.51601315e-01,  8.39435220e-01,  6.93060338e-01,
        -7.65183747e-01,  2.20987014e-02, -1.24765739e-01,
        -1.76974386e-01,  3.81931335e-01,  3.93964529e-01,
        -3.66117448e-01,  2.47785658e-01, -1.14337131e-02,
        -2.24663258e-01,  3.00787184e-02,  6.44075215e-01,
        -5.96585572e-01, -9.82431397e-02, -1.64039657e-02,
        -1.07943796e-01],
       [ 1.46700397e-01,  2.12116703e-01, -7.88367242e-02,
        -4.54831123e-02,  1.91323385e-01,  1.89611837e-01,
        -2.15091214e-01,  1.72232196e-01,  6.42457455e-02,
        -1.71415836e-01,  1.75136641e-01, -1.93122834e-01,
         2.12532714e-01, -1.55116946e-01, -1.75267458e-03,
        -5.74596375e-02,  7.44333416e-02, -1.38767719e-01,
         1.65683135e-01,  7.51044005e-02, -3.16607505e-02,
        -2.16497824e-01,  5.21481782e-02,  6.25619143e-02,
        -4.67316806e-02,  2.01880261e-01, -8.64019096e-02,
        -1.28626376e-01, -2.09544882e-01, -1.56150103e-01,
         1.07939854e-01,  1.34245113e-01,  1.45890132e-01,
         1.77447125e-01,  8.17585737e-02, -1.59590513e-01,
        -2.11125046e-01,  1.09174743e-01,  7.21399635e-02,
        -2.04633072e-01,  3.33538055e-02,  2.00234398e-01,
         3.22391391e-02,  4.94192690e-02, -1.78984255e-02,
        -3.20822746e-02,  1.60477161e-02,  1.64593592e-01,
        -1.89730734e-01,  5.87430596e-03,  1.62881032e-01,
         1.24793604e-01, -1.37774050e-02, -8.67053270e-02,
         6.63280636e-02,  1.40171751e-01,  1.09199092e-01,
         1.23144686e-02, -1.86982736e-01, -1.92453995e-01,
        -5.72209954e-02, -6.89756572e-02, -1.29628599e-01,
        -9.29193497e-02],
       [ 1.57495663e-01, -1.51980922e-01,  7.73829296e-02,
        -1.68541744e-02, -1.19610988e-01,  3.29908133e-01,
        -1.69603750e-01,  1.77763164e-01,  1.00307345e-01,
         3.04438442e-01, -2.93693304e-01, -1.43878713e-01,
        -6.04380034e-02, -2.78856773e-02,  4.75063436e-02,
        -2.46922538e-01,  4.62051809e-01, -3.14827040e-02,
         4.41701412e-01,  3.22215915e-01, -4.21868637e-02,
        -2.25461572e-01,  1.54673606e-01,  1.18389144e-03,
         1.81711838e-01,  1.36159852e-01, -7.98385218e-02,
         2.76529372e-01,  1.69621259e-01,  1.72507524e-01,
         1.65867612e-01, -8.04067552e-02,  7.33761966e-01,
         2.35431418e-01,  4.05158311e-01, -3.23423520e-02,
        -8.22897494e-01,  3.33957881e-01,  2.23254472e-01,
         2.29857191e-01, -1.82565168e-01,  8.70741829e-02,
         1.13458060e-01,  3.87769602e-02, -5.17133594e-01,
        -1.49076626e-01, -3.28294374e-03, -1.27173260e-01,
         1.38004407e-01,  6.39426410e-02, -1.64400712e-01,
         3.78276974e-01,  9.04554278e-02, -2.89589673e-01,
         5.68969958e-02,  2.41295341e-02,  1.23884112e-01,
        -1.07165836e-01,  4.43502575e-01,  2.55416567e-03,
         4.42739546e-01,  5.52428998e-02,  1.28610075e-01,
        -1.33658722e-01],
       [-2.62590926e-02,  1.14829850e-03, -5.37595898e-02,
         5.18419385e-01,  6.44701660e-01,  1.02231920e-01,
        -1.76715106e-01, -3.24331596e-02, -6.10739350e-01,
         8.74481350e-02, -1.90883055e-01, -4.35891628e-01,
         2.42235884e-01,  4.11838531e-01,  1.64445370e-01,
        -4.40620661e-01, -3.69546384e-01,  1.32973164e-01,
         1.43425420e-01, -4.77453554e-03, -1.36781773e-02,
        -3.44847649e-01, -1.36123955e-01, -2.82645583e-01,
        -4.39244956e-01, -5.00502624e-03,  4.59966272e-01,
        -5.32193065e-01,  1.00802585e-01,  3.26051563e-02,
        -1.12722062e-01,  5.73644519e-01, -9.78193879e-02,
        -4.80769649e-02,  1.02858925e-02,  1.12873994e-01,
         1.28878534e-01, -1.13589413e-01,  1.35267764e-01,
         7.31194168e-02,  1.68631956e-01,  1.45842820e-01,
         7.38344252e-01, -5.99581242e-01, -5.65980822e-02,
         3.96637954e-02, -2.41167411e-01,  4.93838191e-01,
        -4.41377819e-01,  1.37899891e-02, -2.18665108e-01,
        -3.66671868e-02, -3.84822860e-02,  4.04925048e-01,
         6.19170256e-02, -8.12578797e-02, -6.18023813e-01,
         6.00400865e-01, -1.65172100e-01,  1.89287439e-01,
        -6.87586656e-03,  3.31708908e-01, -1.56481922e-01,
        -5.36418110e-02],
       [ 7.40547776e-02, -1.53331738e-02,  1.54802442e-01,
        -1.06074661e-01,  1.80818308e-02,  3.42401147e-01,
        -1.18035547e-01,  1.71300739e-01,  1.21108785e-01,
         2.31640756e-01, -3.27504911e-02,  2.15511280e-03,
         7.48352706e-02,  9.74101294e-03, -3.03576812e-02,
        -7.41300657e-02,  3.47774923e-01,  2.78787851e-01,
         2.23986834e-01,  2.50087202e-01, -1.11686088e-01,
         3.96462940e-02,  1.06697932e-01, -1.74823731e-01,
         3.24569404e-01, -1.42604252e-02, -7.37050697e-02,
         1.47449002e-01,  4.21753287e-01,  1.04115956e-01,
         2.09332444e-02,  2.32641231e-02,  6.52561665e-01,
         1.18054328e-02,  5.29786833e-02, -7.66463801e-02,
        -8.16905439e-01,  3.45247895e-01, -2.42084712e-02,
         3.82471442e-01, -1.49076208e-01, -6.57161027e-02,
         5.43613322e-02, -1.34088658e-02, -7.18204498e-01,
        -5.76616116e-02, -2.14220449e-01, -1.67266592e-01,
         1.02744503e-02, -5.17165959e-02,  4.46264371e-02,
         4.09654975e-01,  1.52062073e-01, -2.28070661e-01,
        -1.11914955e-01, -3.20155889e-01,  3.72167856e-01,
         1.37492135e-01,  1.80712819e-01, -2.93860078e-01,
         3.81763756e-01, -5.43389516e-03,  4.11425158e-02,
        -1.51520312e-01],
       [-8.78326502e-03,  1.10570431e-01,  1.10011967e-03,
        -1.56907998e-02, -5.39189838e-02,  2.57614613e-01,
         1.78831518e-01,  2.11456969e-01,  8.61870721e-02,
         2.63268828e-01, -1.99316695e-01,  1.73380852e-01,
        -9.40424055e-02, -4.96102460e-02,  1.08206056e-01,
        -1.47045597e-01,  1.77034989e-01,  1.37108807e-02,
         7.00536696e-03,  2.32115060e-01, -2.21087281e-02,
        -2.02937588e-01,  8.79467055e-02, -6.43932968e-02,
         2.86244512e-01, -8.13016742e-02,  6.84729367e-02,
        -3.36132459e-02,  3.76090199e-01,  1.18923418e-01,
         2.15935796e-01,  1.28008142e-01,  1.21996887e-01,
         3.09403837e-01,  1.79957271e-01,  5.75209148e-02,
        -4.17248249e-01,  1.55237824e-01, -1.06455006e-01,
         3.91764380e-02, -2.18216881e-01,  1.45208970e-01,
        -8.93338248e-02,  1.25243887e-01, -5.43814562e-02,
        -1.18517041e-01, -3.10295075e-01, -1.59458742e-01,
         1.29179478e-01, -1.62931263e-01, -1.26833335e-01,
         2.90879101e-01,  1.40136227e-01,  2.46085953e-02,
         1.27431661e-01,  3.51935953e-01,  2.83201754e-01,
         1.10264882e-01, -1.69487167e-02,  6.43973425e-02,
         2.76346087e-01, -4.34090234e-02,  1.53096886e-02,
        -2.72837989e-02],
       [ 1.80861011e-01,  2.06104562e-01,  9.43444520e-02,
        -1.48504794e-01,  6.83053285e-02, -7.98352957e-02,
         8.44808668e-02, -1.08275682e-01, -9.51380953e-02,
         1.60814837e-01,  9.83571261e-02,  1.15349934e-01,
         1.12476662e-01, -6.08948916e-02, -1.09121308e-01,
        -5.29007316e-02,  1.15064427e-01,  1.57091543e-01,
         1.71497390e-01,  2.06172302e-01,  5.87697774e-02,
         1.40875950e-01, -1.36829421e-01,  1.78400025e-01,
         3.67460996e-02,  1.46555200e-01,  1.16693571e-01,
        -1.88383058e-01,  3.37928683e-02,  7.82591552e-02,
         1.66064605e-01,  2.68667936e-03, -7.35506564e-02,
         1.41175851e-01, -2.47838497e-02, -2.14686155e-01,
         1.38219073e-01, -5.32920659e-03, -1.17401682e-01,
         1.63554713e-01, -7.81578273e-02, -3.62624973e-02,
         9.94560868e-02, -1.21239617e-01,  8.31661075e-02,
         1.82695612e-01,  5.47073036e-02, -3.03772390e-02,
         6.93462938e-02,  6.52610809e-02, -1.92440480e-01,
         1.78591833e-01,  1.77421108e-01, -3.61278653e-02,
        -1.49873838e-01, -1.09802574e-01, -2.09963053e-01,
        -1.55451596e-01, -2.15475559e-01,  9.07238275e-02,
        -1.99334055e-01, -1.01093292e-01, -1.05574034e-01,
        -1.02386042e-01],
       [ 7.83477947e-02,  2.26110637e-01,  1.19240068e-01,
         2.00201020e-01,  3.39725047e-01,  8.13901797e-03,
        -4.56761122e-02, -2.00149164e-01, -1.36331663e-01,
        -1.69656888e-01, -3.33496541e-01,  1.77565560e-01,
         2.78416932e-01,  4.85746004e-02,  1.62568197e-01,
         4.31075469e-02, -4.97086465e-01,  1.30193401e-02,
        -4.25563082e-02, -6.91068918e-02, -3.61110568e-02,
         8.97045508e-02, -5.31263836e-02, -1.02095343e-02,
        -5.73577881e-01, -1.35200340e-02,  3.71238768e-01,
        -2.43973315e-01,  5.40508032e-02,  2.44185567e-01,
        -2.69830793e-01,  4.71733153e-01, -3.28076407e-02,
        -1.72120422e-01,  4.86565046e-02, -2.14638457e-01,
         3.99958372e-01,  1.67964146e-01,  1.02533616e-01,
        -4.05227020e-02,  4.04845059e-01,  8.70644078e-02,
         3.90409946e-01, -5.76464653e-01, -2.66970079e-02,
        -3.35126184e-02, -7.23616704e-02,  2.67167300e-01,
        -1.54254362e-02,  6.30696565e-02, -8.00219700e-02,
        -8.89327526e-02, -2.42635116e-01,  3.99023086e-01,
        -1.52904447e-03,  7.01556429e-02, -2.95125932e-01,
         5.02973497e-01, -2.34913483e-01,  7.17455000e-02,
         7.32555166e-02,  3.50148499e-01,  1.25290096e-01,
         3.52396727e-01],
       [ 2.57695287e-01,  9.43040475e-02,  2.99411826e-02,
         2.67865658e-01,  3.92442793e-01, -3.00823189e-02,
        -2.14823306e-01,  1.59683004e-01, -2.76038647e-01,
         9.26151797e-02,  4.81101833e-02, -6.34223446e-02,
         2.56951869e-01,  2.07507536e-01, -1.17955338e-02,
        -1.67006597e-01,  4.98413816e-02,  9.86501351e-02,
         1.09523684e-01,  1.24815889e-01, -3.50713059e-02,
        -5.92213459e-02,  1.78396255e-01, -1.37088180e-01,
         1.32571205e-01,  6.81595057e-02,  3.05618584e-01,
        -2.22636700e-01,  2.31849328e-02,  8.88959989e-02,
        -1.11402862e-01,  4.58420038e-01,  2.24420562e-01,
         8.73974562e-02,  1.14558831e-01,  4.68643606e-02,
         2.35908851e-01, -1.52528919e-02,  2.59660929e-01,
        -6.64977208e-02,  8.61601084e-02,  4.73374326e-04,
         3.24073642e-01,  8.97983387e-02,  1.04667746e-01,
         2.23417953e-01, -7.96056390e-02,  3.45811248e-01,
        -7.88725391e-02, -2.02746496e-01, -9.70667154e-02,
        -8.96507129e-02, -1.18139982e-01,  1.02807932e-01,
        -3.84786613e-02, -1.28466472e-01, -1.50804520e-01,
         3.38002414e-01, -8.06914717e-02,  5.20097241e-02,
        -6.14751615e-02,  4.10920560e-01,  2.08694655e-02,
         1.20718479e-02],
       [-9.66388658e-02, -8.14049244e-02,  2.05952361e-01,
         4.62425798e-02, -1.95063919e-01, -2.10796595e-02,
        -7.53408670e-02, -4.89158928e-03,  1.11089453e-01,
        -6.51096404e-02, -7.78400004e-02,  1.65787786e-02,
         1.59737572e-01,  4.39843684e-02, -4.16690260e-02,
         1.32329479e-01,  8.85027200e-02, -5.73751330e-02,
        -7.17872977e-02, -2.11040914e-01,  1.03569761e-01,
        -1.84563130e-01,  1.77385971e-01,  1.73595980e-01,
         2.81432122e-02, -1.17226176e-01,  1.72729746e-01,
         1.82992712e-01,  4.35258597e-02, -3.94034088e-02,
        -1.81744829e-01,  1.11854181e-01,  9.19407457e-02,
        -1.58349484e-01,  1.57165095e-01, -1.78466246e-01,
         2.08948269e-01,  1.54235765e-01, -9.99505445e-02,
        -8.87965858e-02, -1.14716202e-01, -1.30551547e-01,
        -1.65130198e-03, -9.47898179e-02, -1.20852731e-01,
         8.68750066e-02,  2.05147669e-01,  2.84541696e-02,
         1.67049065e-01,  8.78281146e-02, -1.09286793e-01,
         1.19602308e-01, -2.02373385e-01,  1.54222548e-02,
        -2.12705687e-01, -2.05957741e-02, -8.75010490e-02,
        -1.20040044e-01, -1.35069519e-01, -1.64488196e-01,
        -1.56698138e-01,  1.79458782e-01,  9.36759859e-02,
        -1.79396167e-01],
       [ 5.25922179e-02, -1.62107632e-01, -5.30912519e-01,
         1.00604385e-01,  1.65097207e-01, -5.93072832e-01,
        -1.94874987e-01,  5.66281378e-01,  5.87353371e-02,
         2.15043843e-01,  1.14776361e+00, -2.13654876e-01,
        -3.80901068e-01,  3.60390157e-01, -4.44011718e-01,
        -8.53331760e-02,  1.45134762e-01,  2.63728678e-01,
         1.90369472e-01, -3.90523046e-01, -2.47800514e-01,
        -4.08477783e-01,  4.17795271e-01, -3.54140401e-01,
        -7.54834479e-03, -6.59301639e-01, -6.55529797e-02,
        -1.36594744e-02, -2.85511129e-02, -5.62693417e-01,
         4.07134086e-01,  1.87721357e-01, -2.25088164e-01,
         2.15501547e-01, -7.50061452e-01,  8.16953182e-01,
         3.29186708e-01, -6.55001283e-01,  4.03905004e-01,
         2.81521324e-02,  3.58548194e-01, -2.36723885e-01,
         3.85119557e-01, -1.36459157e-01,  3.59903872e-01,
        -1.77888334e-01,  7.12775350e-01,  4.63035077e-01,
        -6.19323611e-01, -3.52419391e-02, -2.01586545e-01,
         4.29552943e-02,  4.02183563e-01,  3.53933781e-01,
        -4.71571326e-01,  1.91367194e-01, -3.56260121e-01,
        -1.79699898e-01, -9.93930474e-02,  7.48845518e-01,
        -6.43964648e-01,  2.14717567e-01, -6.52690232e-02,
         1.22347966e-01],
       [ 2.06368387e-01,  2.32375592e-01,  3.08859289e-01,
        -1.07062489e-01,  1.38588443e-01,  2.69174010e-01,
         1.17191069e-01,  1.20136114e-02,  1.77914888e-01,
         2.31748521e-01, -1.19504631e-02, -5.07186130e-02,
         1.53320312e-01,  1.06726676e-01,  3.11021861e-02,
         8.91461410e-03,  2.87076682e-01,  3.70879993e-02,
         9.29476395e-02,  3.71040910e-01,  2.17836484e-01,
        -2.44095251e-01,  1.46575272e-01,  2.10364416e-01,
        -1.06553346e-01,  1.43719882e-01,  1.16154768e-01,
         2.15645716e-01, -5.84786385e-03,  1.41433716e-01,
         2.12661564e-01, -6.54568970e-02,  1.55588672e-01,
         1.05880700e-01,  2.18671691e-02,  3.63317952e-02,
        -9.61427689e-02, -7.05461875e-02,  2.67138302e-01,
         1.79778039e-02,  1.13573804e-01, -9.99867320e-02,
        -8.66896287e-02,  2.53360599e-01, -2.67718434e-01,
         2.30978131e-01,  1.04992896e-01,  6.24308027e-02,
        -7.27008879e-02, -1.23279355e-01,  3.64379808e-02,
         3.49609137e-01, -2.36884169e-02, -1.51868477e-01,
         1.29102739e-02, -4.88221616e-01, -1.49647268e-02,
        -9.52148717e-03,  1.14331476e-01, -1.62921965e-01,
         3.18395942e-01,  6.07259609e-02,  2.90946514e-06,
         1.16884969e-01],
       [-3.97913111e-03,  5.31902313e-01,  1.69781491e-01,
         4.69199896e-01,  4.69758689e-01,  7.97519311e-02,
        -6.18951619e-02, -3.31233621e-01,  8.90049785e-02,
        -2.38977596e-01, -9.59062204e-02,  1.09575443e-01,
         4.37638253e-01,  1.33696944e-01,  2.80616999e-01,
         8.20621625e-02, -9.38817620e-01, -1.74587876e-01,
        -1.46179065e-01,  7.12835714e-02,  2.33839691e-01,
         2.22108737e-01, -8.68036747e-02, -3.02045554e-01,
        -7.77797878e-01,  1.93512946e-01,  6.25261426e-01,
        -5.73293507e-01,  8.12266953e-03,  1.49609745e-01,
        -1.42243370e-01,  8.15078557e-01, -9.35975090e-02,
        -3.61965299e-01,  1.56833559e-01, -2.60816187e-01,
         3.66141647e-01,  1.19383305e-01,  2.66482290e-02,
         1.02598779e-01,  3.90175879e-01,  2.81578988e-01,
         2.79336125e-01, -6.20242894e-01,  1.78959653e-01,
         2.82897413e-01,  2.40701661e-02,  4.00740840e-02,
        -2.74554268e-03, -2.01426782e-02,  1.20558791e-01,
        -1.18788347e-01,  2.91381449e-01, -3.25054210e-03,
         2.96932548e-01,  2.65479296e-01, -7.27499545e-01,
         3.60289723e-01, -6.32511318e-01,  2.82355487e-01,
        -1.53742030e-01,  3.97744000e-01, -1.27392471e-01,
         4.36345041e-01],
       [ 2.31802270e-01,  4.41709496e-02,  1.34046823e-01,
         2.14958191e-03,  4.59154509e-02,  2.48908073e-01,
        -1.72060788e-01,  2.85764158e-01, -8.75762478e-02,
         1.61851466e-01,  4.25089598e-02,  1.84038237e-01,
         9.60401520e-02,  2.16818638e-02,  2.67145365e-01,
         9.51938704e-02,  1.27338767e-01,  9.17711928e-02,
         1.68125629e-01,  7.89488181e-02, -1.13811038e-01,
         2.88096890e-02,  7.39821419e-02,  1.13714159e-01,
         2.81697884e-02,  2.69562714e-02, -2.23997701e-02,
         1.84576198e-01, -9.52900350e-02,  2.43126377e-01,
         2.80366540e-01,  2.01938361e-01,  1.63998544e-01,
         2.73186386e-01,  1.18725255e-01,  1.66715622e-01,
        -7.62174428e-02,  2.22175449e-01,  1.94731951e-01,
         2.44676583e-02,  1.05224907e-01,  1.64461583e-01,
         5.78755960e-02, -6.93662390e-02, -1.65122803e-02,
         1.80822238e-02,  4.00524139e-02, -7.72076994e-02,
        -3.87324616e-02,  1.58087760e-02, -2.00709403e-01,
         1.10474788e-01, -1.46258593e-01, -3.68123576e-02,
         2.12897688e-01, -5.71923435e-01,  2.53570765e-01,
         3.89303528e-02,  2.13172361e-02,  5.64275198e-02,
         2.32042596e-01, -1.50500864e-01, -2.14923084e-01,
         7.04041272e-02],
       [-6.98404238e-02,  2.87783891e-01,  3.37067097e-02,
         4.80325699e-01,  3.24236095e-01, -4.22215164e-02,
        -6.64296150e-02,  7.17671439e-02, -4.91019011e-01,
         1.78305820e-01,  5.27176037e-02, -1.35435194e-01,
         2.44295195e-01,  2.57851422e-01,  1.57268196e-01,
        -5.95344380e-02, -2.07084253e-01, -8.34547263e-03,
         2.32310861e-01,  1.50028255e-03, -1.62673131e-01,
         2.82908175e-02, -6.95460290e-02, -5.75438589e-02,
        -1.01735897e-01,  1.13340765e-01,  3.88286799e-01,
        -1.12050466e-01, -2.16437690e-02,  2.18217194e-01,
         4.10108007e-02,  4.37460065e-01,  8.04407895e-02,
         5.18150702e-02,  7.73512498e-02, -6.51648417e-02,
        -3.37646045e-02, -6.33894056e-02,  5.27767353e-02,
         6.85534626e-02,  2.82518238e-01,  8.11883807e-02,
         4.58840013e-01, -2.78505325e-01,  1.68370217e-01,
         1.49633691e-01,  2.70975754e-02,  1.85560316e-01,
         6.41627684e-02, -1.63461834e-01, -1.63293153e-01,
        -1.12485215e-01, -1.48265138e-01,  4.73822169e-02,
         1.08942993e-01,  6.87053874e-02, -2.86653787e-01,
         2.84594685e-01,  8.25580151e-04, -7.14164004e-02,
         1.62587002e-01,  2.64045805e-01, -7.13138133e-02,
         1.49952322e-01],
       [ 1.65271685e-01, -8.57108384e-02,  6.12389296e-02,
         2.15788379e-01,  1.12591684e-02,  9.63388532e-02,
        -1.49173260e-01,  3.31499577e-02,  2.14255974e-01,
         7.97355622e-02,  1.16353258e-01, -5.77102005e-02,
         1.13743231e-01,  3.76369506e-02, -8.08575004e-02,
         2.21767724e-02, -2.57566124e-02,  1.11329064e-01,
         1.07185856e-01, -1.83232650e-01,  1.73859790e-01,
        -2.36675143e-04,  1.22980878e-01, -1.81658939e-01,
        -9.32230204e-02, -1.99536771e-01,  1.79994985e-01,
        -3.09179574e-02, -1.88873798e-01,  2.05292031e-01,
        -1.39238074e-01, -4.23444659e-02,  9.63542312e-02,
        -4.20418829e-02,  2.16156468e-01,  8.39034468e-02,
         8.77329558e-02,  1.01932883e-03,  1.37161911e-02,
        -2.08681300e-01,  9.17318910e-02,  1.40506327e-02,
        -1.09628513e-01, -5.45186847e-02, -1.50411502e-01,
         4.68655676e-02, -1.61150143e-01, -1.86008677e-01,
        -1.31175324e-01,  8.24195892e-02, -1.52754754e-01,
        -1.41173378e-01, -1.88749194e-01,  1.08474299e-01,
         2.01859459e-01,  1.28314033e-01, -1.59119070e-02,
         2.15478465e-01,  1.74973801e-01, -4.40230668e-02,
         6.64967448e-02, -1.67433113e-01,  2.05784425e-01,
        -1.73897177e-01],
       [ 2.61700809e-01, -1.39235869e-01,  2.90664226e-01,
        -9.19656083e-02,  7.50089362e-02,  3.62353534e-01,
        -4.97678705e-02, -1.38158932e-01,  2.57707119e-01,
         3.06536078e-01, -6.06803522e-02,  2.19975226e-02,
        -1.47601262e-01,  1.05249360e-01,  6.88641965e-02,
         1.25670165e-01,  3.86710793e-01,  2.52048373e-01,
         3.07817370e-01,  5.42193890e-01, -1.50380224e-01,
         1.43505439e-01,  3.04265082e-01,  1.56393439e-01,
         1.46748528e-01, -1.64908692e-02, -7.91216716e-02,
         7.15424418e-02,  2.13919893e-01,  1.17186539e-01,
        -1.19866312e-01, -1.53338820e-01,  6.58546984e-01,
         2.29012594e-03,  1.03280850e-01,  7.47931898e-02,
        -8.24068367e-01,  1.64382651e-01,  2.12949097e-01,
         2.24086463e-01, -1.21451549e-01,  1.54117167e-01,
        -4.01668735e-02,  5.93753271e-02, -6.91727161e-01,
        -1.41281620e-01, -6.11898638e-02,  4.74930182e-02,
         1.22238649e-02,  3.69058810e-02, -2.01983288e-01,
         4.00384277e-01,  2.04487056e-01, -4.07645762e-01,
         6.32537305e-02,  2.16756865e-01,  1.74147099e-01,
         3.75998653e-02,  3.13995570e-01,  2.50621773e-02,
         3.24894458e-01, -1.03083856e-01, -2.68668123e-02,
         2.57458370e-02],
       [ 1.87956914e-01, -2.82068580e-01,  8.13269466e-02,
         3.26509684e-01,  3.33068699e-01,  1.50247604e-01,
        -1.06479533e-01, -1.55886695e-01, -2.26219301e-03,
         3.83770257e-01,  4.19350743e-01, -3.19697618e-01,
         1.56567439e-01,  5.88212788e-01,  2.15953991e-01,
        -2.90220141e-01, -2.03324273e-01,  1.95026740e-01,
         1.38796449e-01, -4.43530045e-02, -1.21401235e-01,
        -3.60235810e-01,  1.68041494e-02, -8.13337922e-01,
        -1.48976773e-01,  7.73786306e-02,  2.07281217e-01,
        -3.09509337e-01,  4.94701974e-02,  1.07850306e-01,
         1.99757650e-01,  7.05286443e-01, -7.24499822e-02,
        -3.12556885e-02,  1.09869815e-01,  4.47151512e-01,
         9.01952684e-02, -1.68000057e-01,  3.48509073e-01,
         3.77026767e-01,  2.61368692e-01, -1.70438558e-01,
         6.24297917e-01, -2.40362063e-01,  2.46122390e-01,
        -3.50468606e-02,  2.22515717e-01,  6.00290537e-01,
        -9.47513342e-01, -1.05797261e-01, -1.35864824e-01,
         2.01520279e-01,  2.87952423e-01,  3.24897438e-01,
         3.20911199e-01, -5.57882071e-01, -4.25985068e-01,
         1.12421803e-01, -1.96912140e-01,  3.02578986e-01,
        -1.04306854e-01,  5.65776527e-01, -3.41492379e-03,
        -1.70464724e-01],
       [ 1.36841014e-01,  2.17467740e-01, -9.24096033e-02,
        -1.90029800e-01,  1.69666216e-01, -1.02129430e-01,
         2.03348145e-01, -1.22605398e-01,  8.87469500e-02,
         1.45870447e-01,  1.51720449e-01, -1.65255874e-01,
        -1.71925444e-02,  1.63636297e-01, -1.83599833e-02,
         9.89288613e-02, -2.09174417e-02, -1.76846758e-01,
         2.01532245e-01,  1.24645084e-01,  4.95697297e-02,
         1.65855601e-01,  4.87451442e-03,  2.15396076e-01,
         1.21530630e-01,  1.42380014e-01,  1.39400914e-01,
         3.04132770e-03, -1.03911720e-01,  1.78035006e-01,
         1.13727368e-01,  4.62447628e-02, -8.49607587e-02,
         5.32770120e-02,  1.44437879e-01, -3.14439870e-02,
         1.70947611e-01, -1.98629126e-01,  4.06584628e-02,
         5.75524580e-04, -1.38871208e-01,  1.72669396e-01,
        -1.50078371e-01, -4.06226367e-02, -1.13893792e-01,
        -8.28198865e-02,  1.53958231e-01, -9.37611386e-02,
        -6.60207793e-02,  5.08180112e-02, -1.10542223e-01,
        -8.90402868e-02, -7.39903888e-03, -1.45377591e-01,
        -1.42056495e-01, -9.01674777e-02, -1.39378712e-01,
        -8.57456997e-02,  3.29715088e-02, -6.65795505e-02,
         4.44376022e-02,  1.60987675e-02,  7.66912550e-02,
        -1.50361374e-01],
       [ 2.11704299e-01,  4.44217958e-02, -3.17741670e-02,
         1.57074228e-01,  1.01181790e-02,  2.07169086e-01,
         1.29610017e-01, -1.37886688e-01,  3.48623842e-02,
         2.06408754e-01,  3.33861709e-02, -6.03170088e-03,
        -2.09028780e-01, -2.94391830e-02,  1.22212812e-01,
         9.68229026e-02, -1.34433493e-01, -7.73269450e-03,
         4.36306782e-02,  6.67110756e-02,  1.88096672e-01,
        -1.66950896e-01, -8.32790807e-02, -1.42171293e-01,
         1.90141052e-01, -1.12545386e-01, -7.52300918e-02,
         2.02853084e-01, -1.81569621e-01, -5.07405102e-02,
        -5.70891798e-02,  9.12474319e-02,  6.91272467e-02,
        -5.74846230e-02, -1.24538854e-01, -1.19937360e-01,
         1.16646677e-01, -1.13857370e-02, -4.39223908e-02,
        -6.73280135e-02,  1.14150442e-01,  1.50969684e-01,
         5.46998940e-02,  1.26342997e-01,  1.52904838e-01,
         1.56747699e-01, -1.45708531e-01,  1.76634237e-01,
        -1.79709166e-01,  1.01234570e-01,  1.38189986e-01,
        -1.85052946e-01, -1.74098223e-01,  3.47422389e-03,
        -2.69000474e-02,  5.96715659e-02,  1.76472455e-01,
        -3.49955377e-03,  1.05642028e-01,  2.29843594e-02,
        -1.02265522e-01,  1.21299699e-01, -6.92546219e-02,
        -1.13491349e-01],
       [-1.61388442e-01,  6.69597387e-02,  3.87291871e-02,
         1.06538497e-01, -7.07090795e-02,  6.89047156e-03,
         7.22872047e-03, -8.98519680e-02, -8.90028775e-02,
        -1.01265004e-02,  2.55555481e-01,  1.17776975e-01,
         2.43056104e-01,  2.02657014e-01,  1.27416268e-01,
         1.00895271e-01,  2.83122420e-01,  2.02549905e-01,
         1.39783338e-01,  2.34570801e-01,  3.81988622e-02,
        -1.09445296e-01,  1.62287250e-01, -7.84515813e-02,
         4.26146016e-03,  2.54202217e-01,  6.03274107e-02,
         3.37090999e-01,  1.55834451e-01,  3.32050174e-02,
         2.30853289e-01,  1.58211365e-01,  3.17500293e-01,
        -1.69088155e-01,  3.73358279e-01,  1.40534505e-01,
         5.25032394e-02,  2.22088888e-01,  1.15897551e-01,
        -1.04306586e-01,  1.14714041e-01, -4.05151807e-02,
         5.13669439e-02,  2.46476695e-01,  5.15135936e-03,
        -3.13028097e-02,  2.88375527e-01,  2.52861157e-02,
         1.23893753e-01,  9.74122956e-02, -1.31893814e-01,
         1.33382812e-01,  6.81226104e-02,  6.05772622e-02,
         1.50242582e-01, -1.19236851e+00,  1.20066352e-01,
        -1.58216625e-01,  1.82954639e-01, -5.24718948e-02,
         4.23318259e-02,  1.97366551e-01, -1.73080713e-01,
        -9.89030004e-02],
       [ 3.47628653e-01,  1.84268713e-01, -3.64571288e-02,
         1.33040085e-01,  1.51718974e-01,  6.12384491e-02,
        -2.14039385e-01,  8.59342590e-02,  4.90815639e-02,
         6.01360314e-02, -2.02396344e-02,  1.57891259e-01,
        -8.44465867e-02, -7.58099928e-02,  7.38706440e-02,
         1.71964198e-01, -4.45238315e-02,  2.51512617e-01,
         5.69453724e-02,  8.74049813e-02,  2.02001959e-01,
         5.34844808e-02,  1.51200220e-01,  3.35343592e-02,
         1.79975256e-01,  1.94363192e-01, -3.70831266e-02,
         1.27521858e-01,  3.36385757e-01,  2.12556601e-01,
         1.66858763e-01,  3.19319740e-02,  1.71429783e-01,
         2.67609000e-01,  2.44175792e-01,  7.29501396e-02,
        -8.62010866e-02,  1.19279765e-01,  4.97856364e-03,
         1.22396149e-01,  1.31336793e-01,  2.03726113e-01,
         1.94195956e-01,  1.85150132e-01,  9.12313908e-02,
         1.40181378e-01, -3.41751985e-02,  4.16780356e-03,
        -9.94734839e-02, -1.84196625e-02, -2.30411232e-01,
         3.50882024e-01, -1.20739236e-01,  5.07072769e-02,
         1.47148594e-01, -6.94229966e-03,  1.74724594e-01,
        -7.57683814e-02, -1.14268111e-03, -1.28159150e-01,
         4.07467932e-02, -7.93627948e-02, -2.40075067e-01,
         9.63612869e-02],
       [-1.80687428e-01, -5.35491370e-02,  8.81122891e-03,
         8.68515372e-02,  1.57300904e-01,  1.90218002e-01,
         3.97233777e-02, -1.78767741e-02,  1.36822462e-01,
         9.76745412e-02, -1.47682294e-01, -1.52387902e-01,
         1.31705001e-01, -1.21606126e-01, -3.70627851e-03,
         1.67466179e-01, -1.64888781e-02,  5.93674518e-02,
         5.29427528e-02,  8.23899359e-02,  1.27987713e-01,
        -9.78971049e-02,  4.96773757e-02, -1.27189562e-01,
         1.51241580e-02, -2.30296161e-02, -8.32105353e-02,
        -1.46076694e-01,  1.11626368e-03,  1.40118182e-01,
         1.18089162e-01, -1.44229857e-02,  1.58439443e-01,
        -1.50483191e-01,  1.76665470e-01, -1.47876278e-01,
        -1.50281429e-01,  2.01952364e-03, -2.61805262e-02,
        -9.05847028e-02, -1.30342320e-01, -1.23900406e-01,
         1.73780337e-01, -8.60112235e-02, -1.91763356e-01,
        -1.79366037e-01, -1.19781226e-01, -9.72061753e-02,
         1.12052865e-01, -1.70873106e-02,  5.96577190e-02,
        -5.82448617e-02,  8.70036855e-02, -4.54896390e-02,
         6.66099265e-02,  1.43366873e-01,  6.60994649e-02,
         2.62512937e-02, -1.71017572e-01,  1.45155907e-01,
        -2.38231719e-01,  8.00927430e-02,  7.78267533e-02,
        -9.99358594e-02],
       [ 1.42090350e-01,  1.72497243e-01, -4.20688950e-02,
        -1.94511294e-01, -1.10730127e-01,  3.22844833e-02,
         8.66251960e-02,  1.96206141e-02,  1.88815430e-01,
         1.36074886e-01, -1.14161678e-01, -1.24842435e-01,
        -3.16992886e-02, -6.65919408e-02,  9.48644280e-02,
        -4.85552922e-02,  2.38417670e-01,  1.90326825e-01,
         1.57045394e-01,  1.47907078e-01,  2.91110963e-01,
         2.70306975e-01,  3.59696941e-03,  7.96163082e-02,
        -1.14243655e-02, -1.22441545e-01,  1.55997857e-01,
        -7.23379031e-02,  2.77205467e-01,  1.63884908e-01,
         1.33777976e-01,  1.58420410e-02,  1.88964397e-01,
         3.84329736e-01, -4.55971286e-02, -1.96831658e-01,
        -1.58731684e-01,  1.07418135e-01, -1.96042061e-01,
         1.57907084e-01, -3.23872060e-01,  2.36664057e-01,
        -2.56008744e-01,  1.68665737e-01, -9.84106809e-02,
         1.33300364e-01, -1.98722884e-01, -1.85147002e-01,
         5.43246679e-02,  7.82638937e-02, -5.80812730e-02,
         1.31261319e-01, -9.22747478e-02, -2.27313433e-02,
         1.37357712e-01,  2.20872276e-02, -8.59892815e-02,
        -1.70776665e-01,  2.57988900e-01,  1.15909919e-01,
         1.42287329e-01,  7.10598484e-04,  1.41732186e-01,
         1.32947460e-01],
       [-1.91285700e-01, -9.36552808e-02,  1.80816516e-01,
         9.97903198e-02,  1.20084539e-01, -1.49177074e-01,
         1.00231603e-01,  1.45405725e-01,  1.02031931e-01,
        -9.85727757e-02, -1.48743421e-01, -2.01546714e-01,
         1.97265163e-01,  1.39731929e-01,  2.12817118e-01,
         1.98890761e-01, -3.73839140e-02, -1.80220008e-02,
        -2.01113984e-01, -1.46017671e-01, -1.24601781e-01,
        -1.82764515e-01, -1.99093103e-01, -1.91338152e-01,
        -5.16100526e-02, -9.09332484e-02,  3.99336964e-02,
        -2.08301336e-01,  1.62939623e-01,  2.01987371e-01,
         2.89234370e-02, -1.68639094e-01,  4.34398204e-02,
        -1.46691799e-02,  1.28527150e-01,  1.36193052e-01,
         2.04788610e-01, -1.96585909e-01, -3.07983458e-02,
        -1.08146526e-01,  1.06522009e-01,  1.65115044e-01,
        -5.34089804e-02,  1.31192461e-01,  9.05528814e-02,
         1.31031469e-01,  9.99288708e-02, -3.98778915e-03,
         8.39009732e-02, -1.92764178e-01, -8.53290707e-02,
        -1.85836017e-01, -6.18436486e-02,  1.54530391e-01,
         1.46847978e-01, -1.85535640e-01, -8.12003016e-02,
        -4.83888388e-03, -1.92295432e-01, -2.07037225e-01,
        -2.98213512e-02,  1.32871076e-01, -2.00867146e-01,
         4.79625314e-02],
       [ 2.51480758e-01, -8.37142169e-02,  8.34254920e-02,
         1.26777217e-01,  1.40779793e-01, -8.05503950e-02,
        -8.02524015e-02,  1.46028504e-01, -2.55587012e-01,
        -1.36937350e-02, -8.43116716e-02,  1.26060054e-01,
         1.36242673e-01, -1.72090203e-01, -4.25210632e-02,
         5.22278771e-02,  8.70683640e-02, -2.41450742e-02,
        -1.11955320e-02,  3.14629972e-01,  7.36384094e-02,
        -3.29415016e-02,  2.15872690e-01,  3.35603803e-02,
         1.90667659e-01,  1.85885448e-02,  1.67560861e-01,
         2.42227390e-01, -2.80346777e-02,  2.08062097e-01,
         4.10041809e-02, -3.92086394e-02,  5.38406707e-02,
        -6.26192689e-02, -3.48697715e-02, -9.86189097e-02,
        -2.09313221e-02,  2.96546221e-02,  1.49737254e-01,
        -1.00814335e-01,  1.68036878e-01, -5.52940778e-02,
        -7.71816866e-03,  1.05292007e-01,  2.43669510e-01,
         2.77184129e-01, -5.46901785e-02,  1.52080217e-02,
         7.86641836e-02, -4.14661728e-02,  8.82743001e-02,
         2.60801494e-01, -7.50319213e-02,  7.02793449e-02,
         2.03610152e-01, -2.47091893e-03,  1.49752215e-01,
         2.36342683e-01,  2.01460049e-01,  2.21985001e-02,
         4.93614897e-02,  1.22137390e-01, -1.19344793e-01,
         1.46284327e-01],
       [-1.80150628e-01, -9.58850980e-03,  6.28527552e-02,
         2.34706551e-02, -1.16507851e-01, -1.14863366e-01,
        -1.97370663e-01,  1.56708971e-01,  1.77568793e-02,
        -5.26689589e-02,  2.09805086e-01, -1.22230038e-01,
        -7.91059136e-02,  2.10403427e-01,  1.20199546e-01,
         1.51396587e-01,  4.46835905e-02,  2.84988284e-02,
        -4.54058498e-02,  2.02570274e-01,  1.64144710e-01,
        -1.40904188e-02,  9.70995277e-02, -8.60722810e-02,
         1.50915667e-01,  1.01623043e-01,  7.79718012e-02,
        -9.56495330e-02, -9.26836580e-02,  1.68353751e-01,
         1.13105640e-01,  1.95464060e-01, -1.53989688e-01,
         1.01910427e-01, -2.11999640e-01,  1.28010765e-01,
         1.16588697e-01, -3.27023715e-02,  2.28530765e-02,
        -1.07481830e-01, -3.83645743e-02,  1.24752417e-01,
         7.68228918e-02,  1.16682783e-01,  1.62588343e-01,
        -1.05517805e-02, -1.99821338e-01, -1.64619088e-03,
        -1.84109926e-01,  4.30491716e-02, -7.08185136e-02,
        -3.74522060e-02,  1.38716057e-01, -1.59301922e-01,
        -1.00602239e-01,  7.62718767e-02,  4.75079268e-02,
         1.82072073e-02, -5.78879714e-02,  1.25089154e-01,
         3.53938490e-02,  1.69485226e-01,  1.61980286e-01,
        -1.36277199e-01],
       [ 2.82483771e-02,  2.77882703e-02,  1.54146209e-01,
         1.34896263e-01,  2.20807299e-01,  1.40524954e-01,
         1.93752218e-02,  1.11047797e-01, -1.14279747e-01,
         2.06764698e-01,  2.27866784e-01, -1.38268605e-01,
         2.07370706e-02,  5.24359763e-01, -3.17767896e-02,
        -3.86547893e-01, -3.43165725e-01, -1.40693620e-01,
         1.75698206e-01, -6.56453073e-02,  8.46699104e-02,
        -3.88828903e-01,  1.51097149e-01, -4.65459108e-01,
        -2.95404226e-01, -6.63965866e-02,  2.50787348e-01,
        -2.65069664e-01,  4.34745215e-02, -1.66597813e-01,
         6.25190465e-03,  3.93580854e-01,  2.33462587e-01,
        -2.14886427e-01,  2.55318899e-02, -4.70972098e-02,
         3.08978260e-01, -1.39480652e-02,  1.53034002e-01,
         2.13692769e-01,  4.39399660e-01, -9.50594060e-03,
         2.51261383e-01, -3.14847052e-01, -7.92123303e-02,
        -1.03865027e-01,  5.92321977e-02,  2.38036126e-01,
        -3.06825638e-01,  6.43926337e-02, -6.57278150e-02,
         1.59602419e-01,  1.03664361e-01,  1.52749017e-01,
         3.15969855e-01,  6.59581460e-03, -4.33959693e-01,
         1.69777095e-01,  4.48716171e-02,  2.49030620e-01,
        -1.84703872e-01,  3.04981351e-01,  2.16055498e-01,
         4.46180627e-02],
       [-3.39267813e-02, -5.38903587e-02,  2.28419304e-02,
         2.90192872e-01,  1.68844163e-01, -6.36357367e-02,
         8.24168250e-02, -1.45183221e-01, -2.18351647e-01,
        -2.18936995e-01, -5.46461083e-02,  2.72820145e-01,
         2.47154072e-01,  6.33234084e-02,  2.88248658e-01,
        -7.05483034e-02, -7.27600679e-02, -3.24219018e-02,
         1.13528676e-01, -1.21102342e-02,  2.02376738e-01,
        -4.23216596e-02, -6.67400062e-02, -1.15343079e-01,
        -5.72637245e-02,  5.09865880e-02,  6.64825216e-02,
        -1.26013070e-01,  5.85009642e-02, -3.57581563e-02,
        -1.95872873e-01,  8.53046179e-02,  1.14528209e-01,
        -3.41918990e-02, -9.47483629e-03,  1.00982882e-01,
         6.22948259e-02,  3.39545794e-02,  1.79509118e-01,
         2.32240587e-01,  5.21858446e-02,  1.95243284e-01,
         2.79792309e-01, -9.66813415e-02,  2.34261617e-01,
         2.97229618e-01, -9.49000195e-02,  1.36342496e-01,
         2.15900511e-01, -2.18088403e-01, -2.05896750e-01,
         1.27312571e-01, -2.44737089e-01, -6.18232340e-02,
         3.15066725e-01, -1.83692351e-01, -2.21229978e-02,
         3.16443026e-01,  1.89386427e-01,  1.09531127e-01,
         2.36452475e-01,  2.30283707e-01,  8.21697339e-02,
        -2.69727297e-02],
       [-8.11420288e-03, -4.39749658e-02,  1.11018367e-01,
         8.35645013e-03, -1.08082026e-01,  1.85892940e-01,
         1.10067874e-01, -6.72444552e-02,  1.09647885e-01,
         1.46490531e-02,  2.03770965e-01, -9.40508842e-02,
         3.10253594e-02, -3.98201868e-02,  1.27155066e-01,
        -1.78679843e-02, -1.38556128e-02,  2.33147461e-02,
         1.60306752e-01, -3.54935266e-02,  1.12781011e-01,
        -1.33695886e-01, -3.08980178e-02, -6.46385923e-02,
         1.35116786e-01,  3.42701346e-01,  8.39543343e-02,
         6.03423677e-02,  1.08326450e-01,  9.06232744e-02,
         3.08194816e-01, -1.04821406e-01,  5.06128930e-02,
         2.71815449e-01, -4.63271625e-02,  1.29974231e-01,
        -2.01851185e-02,  1.27056688e-01,  2.36074895e-01,
         3.78678069e-02,  1.26459926e-01, -1.38790667e-01,
         9.00001600e-02,  1.79094836e-01,  6.85689896e-02,
        -1.55249983e-02, -1.32110175e-02, -7.97840953e-03,
         1.31898880e-01, -1.95681408e-01,  1.75391540e-01,
         1.03731528e-01, -1.19323500e-01, -1.44643009e-01,
         1.68716595e-01, -7.25739002e-01,  2.41921052e-01,
         1.28523394e-01,  4.33487706e-02, -3.35532837e-02,
         9.11745280e-02,  6.86675385e-02, -9.86322239e-02,
        -1.07246488e-01],
       [ 2.75015175e-01,  1.81057766e-01, -1.02493867e-01,
         9.97885466e-02,  1.25553042e-01, -6.40258426e-03,
        -1.70149356e-01,  2.47212142e-01, -6.49018362e-02,
         1.83612287e-01, -1.85275540e-01, -2.24832185e-02,
         1.20829985e-01,  1.45025507e-01,  2.97508892e-02,
         1.85879216e-01,  2.96543837e-01,  3.25409546e-02,
         1.21572964e-01,  4.36018258e-01,  1.25815868e-01,
         1.69126600e-01,  1.71647370e-01,  4.71639261e-02,
         2.66812980e-01,  3.30707967e-01, -8.91776234e-02,
         2.08292133e-03,  1.20724119e-01,  1.04702953e-02,
        -8.79622176e-02,  5.31467958e-04,  2.77721196e-01,
         3.94813836e-01,  1.93846419e-01, -1.88660055e-01,
        -3.82785499e-01,  2.15178072e-01,  9.63447429e-03,
         6.95979372e-02, -2.09146321e-01,  4.14856300e-02,
        -1.35029063e-01,  1.74640998e-01, -2.18403861e-01,
         1.08378351e-01, -2.06688657e-01,  1.00780115e-01,
        -1.54191911e-01,  1.36800513e-01, -2.18467340e-01,
         1.49734691e-01, -6.36591241e-02, -1.18859544e-01,
        -5.63825108e-02, -2.03090400e-01,  1.56875372e-01,
         1.51127070e-01,  7.69025832e-02, -2.90519334e-02,
         3.26928884e-01,  1.74135253e-01,  1.15460262e-01,
        -2.42357373e-01],
       [ 2.17419177e-01, -1.01512253e-01,  1.91535890e-01,
         7.30793327e-02, -8.75705406e-02,  2.43884712e-01,
        -7.47658908e-02,  2.38920525e-01, -2.26786677e-02,
         1.93960384e-01,  6.39570951e-02, -4.44195373e-03,
         1.79584175e-01,  7.42901117e-02, -3.28971408e-02,
         2.80470084e-02,  2.48792216e-01,  1.97053686e-01,
        -1.53877046e-02,  3.82903032e-02,  8.62465203e-02,
         4.98755202e-02, -7.62546882e-02, -1.56723574e-01,
         4.41784039e-02,  1.89441919e-01, -3.79051790e-02,
         2.28763402e-01,  4.30674255e-02,  2.74161696e-01,
        -3.70654128e-02,  6.83156773e-02,  8.26866031e-02,
         1.65974274e-02,  2.98241824e-01,  3.23089361e-02,
         2.04887912e-02,  1.34535134e-01, -2.82008259e-04,
        -8.45796689e-02,  2.21248195e-01, -3.79514135e-02,
        -1.44298617e-02,  2.50050277e-01, -4.39051315e-02,
        -1.10974878e-01,  3.05326939e-01,  1.89326052e-03,
        -1.79413557e-01,  4.55034748e-02,  1.63527369e-01,
         2.83854783e-01, -2.03040242e-01, -7.65338019e-02,
         7.07363784e-02, -1.10062051e+00, -2.18811501e-02,
         1.09619729e-01,  2.42581323e-01,  1.34056866e-01,
         1.67391270e-01,  3.73440683e-02, -1.93938315e-01,
         3.97314839e-02],
       [ 4.92345899e-01, -6.07710838e-01, -3.36493671e-01,
        -2.66948253e-01, -3.84260595e-01, -6.29223168e-01,
        -1.65568739e-01,  6.19081557e-01,  3.65544438e-01,
         4.22450155e-01,  2.57656574e-01, -2.63217658e-01,
        -7.17692375e-01,  6.86751902e-02, -7.78557122e-01,
        -1.01485938e-01,  4.39860187e-02,  9.02461529e-01,
         2.54216403e-01,  6.46779716e-01, -2.55879104e-01,
        -7.07470477e-02,  6.18297219e-01,  7.19126463e-02,
         4.35535386e-02, -2.59746581e-01, -6.24043405e-01,
         2.53715485e-01,  9.07517850e-01, -4.92096782e-01,
         6.37815952e-01, -3.61691147e-01,  4.77718681e-01,
         1.00887215e+00, -4.38853562e-01,  5.48934639e-01,
        -3.00437659e-01, -2.41288885e-01,  1.21350244e-01,
        -3.69393639e-02, -2.35930055e-01, -6.37737870e-01,
        -1.76914766e-01,  2.36068800e-01, -4.14343357e-01,
        -2.13388756e-01,  2.08881691e-01, -1.31407231e-01,
        -4.35572267e-02, -2.44090855e-01,  1.01586320e-01,
         8.88830304e-01,  5.53328544e-02, -4.38163698e-01,
        -6.78177059e-01, -9.05032903e-02, -1.06025420e-01,
        -2.07189023e-01,  6.27427101e-01, -5.30768596e-02,
         5.36796302e-02, -2.72324443e-01,  2.02725306e-02,
        -4.94317263e-01],
       [ 1.85201913e-01, -9.32896435e-02, -2.05491096e-01,
        -1.25816450e-01, -1.89923018e-01, -3.72839011e-02,
        -1.60126135e-01,  2.64090121e-01,  1.00738727e-01,
         2.68961728e-01,  3.19788843e-01, -8.72647986e-02,
        -1.43035680e-01, -1.79243200e-02,  2.91911550e-02,
         7.69281685e-02,  4.88604665e-01,  2.33201683e-02,
        -1.91816203e-02,  3.99716914e-01, -1.74177647e-01,
        -1.47067932e-02,  3.74817789e-01, -8.67885202e-02,
         2.42232382e-01, -2.53741164e-02, -1.83085024e-01,
         6.31370619e-02,  3.05834264e-01, -1.94513202e-01,
         1.53858423e-01,  5.06140999e-02,  2.25304276e-01,
         3.08683872e-01,  8.33279788e-02,  3.60948592e-01,
        -2.51136310e-02, -7.26507157e-02,  2.40491495e-01,
        -1.07475236e-01,  1.29172072e-01, -2.26153750e-02,
         5.83054535e-02,  2.52231687e-01,  2.58482903e-01,
        -1.33224592e-01,  4.18069035e-01,  2.32078776e-01,
         8.64286572e-02,  3.85027789e-02, -1.90858036e-01,
         8.48013088e-02,  1.54737249e-01, -1.76051140e-01,
        -2.69670069e-01,  1.80780157e-01,  2.65842289e-01,
        -2.53939092e-01,  4.83894885e-01,  5.29105701e-02,
         2.11807415e-01,  4.26739827e-02, -1.30452886e-01,
         3.71134393e-02],
       [-7.18287528e-02,  2.19687477e-01,  2.88409945e-02,
         1.16058394e-01,  5.47965169e-01,  1.81709439e-01,
         1.62364021e-02, -2.17341781e-01, -4.63434309e-01,
         1.11545384e-01, -2.55630523e-01,  1.00963891e-01,
         2.09375590e-01, -7.10704029e-02,  1.55533776e-01,
        -3.83185185e-02, -2.48630747e-01, -2.01365247e-01,
         1.36613414e-01, -8.50971863e-02, -6.72531053e-02,
        -1.73493013e-01, -1.56223759e-01,  1.90301344e-01,
        -3.49571735e-01, -9.24514234e-03,  3.17699790e-01,
        -3.11273128e-01, -2.86384393e-02,  8.45635533e-02,
        -6.61868602e-02,  2.82519251e-01,  8.58354717e-02,
         3.84840555e-02,  5.20644747e-02, -2.51026955e-02,
         3.86485964e-01,  1.97270975e-01, -3.34432498e-02,
        -1.27873346e-01,  2.20799133e-01,  2.60276794e-01,
         8.78926590e-02,  3.59051004e-02, -2.76223775e-02,
         3.42259705e-01, -1.62570626e-01,  5.63563593e-02,
         2.14685276e-02, -2.16823488e-01,  1.05190545e-01,
         7.73790628e-02, -1.07378311e-01,  3.52383852e-01,
         1.23269401e-01,  1.69227764e-01, -1.86166406e-01,
         3.90689164e-01, -4.11945075e-01,  2.81643718e-02,
         1.42550739e-02,  2.88143188e-01,  1.33769765e-01,
         3.24678481e-01],
       [ 1.80523396e-01,  1.73014373e-01,  1.30108491e-01,
         1.12951137e-01,  3.67675990e-01,  1.86526611e-01,
        -1.89153224e-01,  4.56715263e-02, -6.28228188e-01,
         2.25512758e-02, -9.93707478e-02, -4.87350710e-02,
        -3.73833477e-02,  6.65546805e-02,  1.80139303e-01,
         1.57166962e-02, -2.18827605e-01, -2.68502515e-02,
         3.32864150e-02, -8.85643512e-02,  2.74592470e-02,
         4.44305278e-02, -1.59547385e-02, -2.78076887e-01,
        -1.94021612e-01, -2.04187214e-01,  3.45304161e-01,
        -2.55292714e-01,  1.21825323e-01,  1.73319802e-01,
        -6.32076932e-04,  5.25541902e-01,  1.65918186e-01,
        -1.81981117e-01,  1.05482578e-01,  1.26200497e-01,
         2.72805169e-02,  1.96879953e-01,  2.14753881e-01,
         2.28392750e-01,  4.14432645e-01,  2.79244244e-01,
         2.14804843e-01, -6.20755181e-02,  2.43360355e-01,
        -8.51746202e-02,  1.36521131e-01,  3.18356931e-01,
        -3.05514574e-01, -2.43207559e-01,  1.18551776e-01,
         3.10730953e-02,  8.34729150e-02,  3.49237949e-01,
         7.92183802e-02,  1.24983385e-01, -2.29786560e-01,
         5.04705191e-01, -1.87217146e-01,  1.94071144e-01,
         2.20470782e-02,  2.05650717e-01,  4.51058596e-02,
        -3.87584371e-03],
       [ 2.85465717e-01, -1.52121618e-01,  2.95077205e-01,
        -2.28755221e-01,  5.11697307e-02,  2.45012775e-01,
         1.48894563e-01,  2.59109378e-01,  1.18774071e-01,
         8.96773785e-02,  9.27736536e-02,  1.83935255e-01,
        -6.20520748e-02,  7.42077082e-02, -1.21418528e-01,
        -2.04124600e-01,  2.43485034e-01,  3.06724429e-01,
         1.70859337e-01,  3.44830841e-01, -1.48741573e-01,
         1.16716465e-02,  2.50120044e-01,  3.12090274e-02,
         3.56877565e-01,  3.75160336e-01,  8.05052891e-02,
         2.34418541e-01,  3.85527402e-01, -4.17033881e-02,
         9.51992795e-02, -6.40603378e-02,  4.79647607e-01,
         1.04709834e-01,  6.12817556e-02,  6.80723414e-02,
        -8.69393051e-01,  2.81585604e-01, -4.12228964e-02,
         2.19309106e-01, -2.41676003e-01, -2.25269854e-01,
        -5.08710854e-02,  3.51412356e-01, -8.47498834e-01,
        -5.23242913e-02, -1.67039216e-01, -1.49673402e-01,
         8.95625576e-02, -2.13258699e-01,  1.32614136e-01,
         2.11962506e-01,  2.20299363e-01, -4.55002874e-01,
         1.22012071e-01,  1.01075910e-01,  1.45516589e-01,
         7.28187934e-02,  1.03654213e-01,  4.15521972e-02,
         4.01810884e-01,  1.94678664e-01, -1.89250976e-01,
        -6.56915829e-02],
       [-2.94333816e-01,  8.83910358e-01, -2.08669119e-02,
         1.02446295e-01,  6.29355133e-01,  1.67328656e-01,
         1.07270725e-01, -6.43053293e-01,  1.50192797e-01,
        -4.96473163e-01, -4.29186314e-01,  1.04220510e-01,
         4.39698547e-01, -3.67648512e-01,  5.55492938e-01,
         2.42997892e-02, -3.24811369e-01, -5.28188229e-01,
        -2.45201647e-01, -1.60213083e-01,  5.04679799e-01,
         1.86445743e-01, -3.61682683e-01,  3.09395313e-01,
        -7.64978647e-01,  1.93729579e-01,  9.47978079e-01,
        -3.65885735e-01, -2.41098106e-01, -1.13315739e-01,
        -3.70947450e-01,  6.96920693e-01, -9.51552242e-02,
        -6.09758079e-01,  1.28140271e-01, -5.87072670e-01,
         5.68361640e-01,  2.64907759e-02, -2.34583274e-01,
         3.95735018e-02,  1.52055591e-01,  7.38620520e-01,
         1.85634002e-01, -3.48936558e-01,  4.18723375e-02,
         6.08047247e-01,  7.89876729e-02, -2.05723420e-01,
         6.80435747e-02, -1.34562165e-01, -1.43414363e-01,
         2.97740530e-02, -2.03474894e-01,  2.08879292e-01,
         3.29726785e-01,  1.78481996e-01, -3.79403979e-01,
         6.04038835e-01, -2.49508888e-01, -7.18808919e-02,
         1.19320815e-02,  3.42084281e-02, -1.86375514e-01,
         3.98673534e-01],
       [-2.20782831e-01,  1.02011645e+00, -1.39688492e-01,
         1.16302527e-01,  5.79142869e-01,  2.37819076e-01,
        -6.71634600e-02, -5.77435911e-01, -2.97396183e-01,
        -8.24688733e-01, -2.05762491e-01,  2.65890777e-01,
         6.79802597e-01, -5.75052083e-01,  4.06784356e-01,
         4.77999449e-01, -8.28367472e-01, -7.50680149e-01,
        -4.40679878e-01,  3.82438637e-02,  9.49282169e-01,
         4.99633938e-01, -6.39670670e-01,  3.69037658e-01,
        -7.35481620e-01,  1.91088498e-01,  1.06483328e+00,
        -9.09306049e-01, -1.80784732e-01,  1.93535492e-01,
        -2.19087929e-01,  9.21108007e-01, -1.15491807e-01,
        -6.09869897e-01,  1.47061408e-01, -1.55212373e-01,
         4.45173144e-01,  1.14657097e-01, -5.29841185e-01,
         1.02482515e-03,  1.85323991e-02,  1.04833746e+00,
        -6.40032738e-02, -5.82122266e-01,  1.64144170e-02,
         8.40871394e-01,  3.18190306e-02, -1.59579754e-01,
         4.52912122e-01, -5.50484806e-02, -1.00653321e-01,
         2.74202097e-02, -1.85731485e-01,  3.18610728e-01,
         3.91993001e-02,  7.55384713e-02, -1.84042394e-01,
         1.26720333e+00, -6.84298098e-01,  8.40905830e-02,
        -2.55301073e-02, -3.07393819e-01, -2.78728962e-01,
         4.55613613e-01],
       [ 1.43215597e-01,  2.42250580e-02,  1.05499767e-01,
        -2.45842054e-01, -1.77246436e-01,  1.55676410e-01,
         4.25158367e-02,  3.64863485e-01,  2.30005383e-02,
         2.78104376e-02, -2.51369644e-02,  6.17686994e-02,
        -6.00542016e-02,  6.96492642e-02,  5.04682586e-02,
         2.24300444e-01,  2.21146807e-01,  2.08782911e-01,
         3.42204005e-01,  6.25862181e-01, -2.50428379e-01,
        -8.56768042e-02,  4.09425110e-01, -7.47548565e-02,
         1.69259265e-01, -4.80872877e-02, -1.66236222e-01,
         1.18730552e-02,  3.66665184e-01, -1.04100488e-01,
         2.16242358e-01,  2.16387641e-02,  4.13955659e-01,
         3.05401087e-01,  1.75309122e-01,  7.87707567e-02,
        -9.54002976e-01,  1.61596715e-01, -7.62936473e-02,
         3.18256855e-01,  2.92073060e-02, -1.56788066e-01,
        -7.47951269e-02, -4.78778034e-03, -6.48466408e-01,
        -1.41556099e-01, -2.25874171e-01, -1.61912516e-01,
         5.04995603e-03, -1.65999576e-01, -1.20792642e-01,
         6.33015871e-01, -6.64125010e-02, -5.05775988e-01,
         4.66824742e-03,  2.20724065e-02,  3.39819103e-01,
        -2.83150598e-02,  2.58974046e-01,  4.01838832e-02,
         4.53587115e-01,  4.52596657e-02, -1.98926032e-01,
        -2.38605309e-02],
       [ 2.85790414e-01,  3.13032866e-02,  2.73911446e-01,
        -1.41068101e-01, -9.36981961e-02,  6.80366680e-02,
        -1.77542955e-01,  9.25476998e-02,  2.86584646e-01,
         2.00992867e-01, -1.74079478e-01,  7.92558193e-02,
         2.00200807e-02,  2.16578960e-01, -1.61728845e-03,
        -1.65259346e-01,  2.34931245e-01,  4.70333159e-01,
         1.95241675e-01,  3.86923850e-01, -2.13378102e-01,
        -3.53510343e-02,  4.20495689e-01, -6.82223439e-02,
         3.95557612e-01,  2.89533794e-01, -1.95995227e-01,
         2.41975382e-01,  4.19499546e-01,  5.04854769e-02,
         8.39469302e-03, -1.75182059e-01,  7.82480896e-01,
         3.41062963e-01,  1.28723398e-01, -2.50344183e-02,
        -8.37986887e-01,  2.89150834e-01, -3.58578414e-02,
         1.38353646e-01, -2.42076010e-01, -1.41970426e-01,
        -8.83396789e-02,  6.10608757e-02, -7.29475021e-01,
         9.47240293e-02, -1.03814155e-01, -1.14995271e-01,
         2.03169927e-01,  1.12942783e-02, -1.83245063e-01,
         5.09078145e-01,  1.51133105e-01, -2.53500789e-01,
         1.09034851e-01,  8.50599632e-02,  2.46096253e-01,
        -2.85894781e-01,  1.84942514e-01, -2.73788515e-02,
         2.83896178e-01,  3.64953540e-02, -1.30352303e-01,
        -5.74059188e-02],
       [ 2.07110777e-01,  1.36947468e-01, -1.87714383e-01,
        -1.96931288e-01, -2.87923217e-02,  9.99262184e-02,
        -6.80272579e-02, -1.20422646e-01, -1.87489271e-01,
        -2.90729254e-02, -8.77591968e-02,  9.77233797e-02,
        -1.04327500e-03,  1.32345840e-01, -5.33582419e-02,
         1.17366016e-03, -1.08872190e-01,  1.74559042e-01,
        -5.88778704e-02,  6.26015663e-03, -9.12123621e-02,
        -1.47553235e-02, -6.52665645e-02,  1.86900750e-01,
        -5.87445945e-02, -7.03979731e-02, -1.79087579e-01,
         8.31502229e-02, -5.00055254e-02, -1.29631653e-01,
         8.46480578e-02, -1.45388395e-02,  6.08275682e-02,
        -1.20099187e-02, -1.43476427e-01, -1.89060554e-01,
         1.39864013e-01,  1.34171098e-02, -8.67552012e-02,
        -1.14551432e-01, -9.52304378e-02,  8.40238780e-02,
         7.96477497e-03, -1.99266180e-01,  1.71217993e-01,
        -2.00883716e-01, -7.08701760e-02,  1.46328166e-01,
         1.25495836e-01,  4.76652235e-02, -1.52129740e-01,
        -5.45875430e-02,  1.98396593e-02,  1.22993365e-01,
         4.62435186e-03,  2.04534903e-01, -1.58567727e-02,
        -1.12073816e-01, -5.55188060e-02, -1.31506503e-01,
        -1.82859451e-01, -1.99825317e-01,  1.51420608e-01,
        -1.96473628e-01],
       [ 1.33678481e-01, -7.63651729e-02,  1.78966746e-01,
        -9.66058820e-02, -1.31373525e-01,  2.73503989e-01,
        -1.83973849e-01, -5.09557128e-02,  9.23839957e-02,
         9.78398249e-02, -1.15990860e-03,  1.06165491e-01,
        -1.43720419e-03,  6.68787435e-02, -9.41794831e-03,
        -1.35845736e-01,  8.04492384e-02,  3.67873371e-01,
         1.81572795e-01,  2.01301515e-01, -2.31201738e-01,
         2.10501775e-01,  2.26769879e-01,  1.50775105e-01,
         2.90636756e-02, -5.08466735e-02,  1.18274018e-01,
         2.97306299e-01,  2.18132004e-01,  1.93430901e-01,
         2.37349525e-01,  5.57361692e-02,  1.54884174e-01,
         3.02303791e-01,  2.82823563e-01, -7.97701180e-02,
        -4.15750295e-01,  2.97065973e-02, -4.41736318e-02,
         2.29048535e-01, -2.34925374e-01,  1.73858795e-02,
        -6.51903376e-02,  8.40206351e-03, -4.49777301e-03,
         1.02023175e-02, -1.81113794e-01,  3.63258421e-02,
         1.74413577e-01, -1.32585973e-01, -1.36311233e-01,
         3.28099370e-01,  1.01775266e-01, -1.22307166e-01,
         4.90093865e-02,  1.08046696e-01,  2.34189242e-01,
         1.39144734e-01,  2.20549941e-01, -7.94708431e-02,
         4.14489657e-01,  1.16719745e-01,  2.36689411e-02,
        -1.56923711e-01],
       [-5.91172054e-02,  1.93496346e-01, -1.13299780e-01,
         2.36960471e-01,  1.10841535e-01,  9.37675163e-02,
         1.14893831e-01, -1.68995157e-01,  1.53448647e-02,
        -1.78100988e-01, -5.53327680e-01,  2.70669937e-01,
         4.23439920e-01, -6.04497045e-02,  2.51348525e-01,
        -2.11754426e-01, -4.92844403e-01,  9.07676890e-02,
        -1.15944900e-01, -3.21424566e-02,  4.16805819e-02,
         4.40089777e-02, -2.17860162e-01,  1.33013511e-02,
        -3.68079752e-01, -6.97129667e-02,  2.05596700e-01,
        -2.99765915e-01, -4.36486192e-02,  2.10768640e-01,
        -6.97309971e-02,  3.03918272e-01, -1.41860142e-01,
        -8.92275795e-02,  7.13065565e-02, -5.93448043e-01,
         2.60984272e-01,  6.15099519e-02, -2.27839407e-02,
        -1.41330510e-02,  3.21894974e-01,  4.06668395e-01,
        -4.18646224e-02, -2.93932259e-01, -4.19319458e-02,
         2.36839890e-01, -5.46859920e-01, -3.21673937e-02,
         2.18464896e-01,  1.21658996e-01, -1.91447452e-01,
         6.56147152e-02,  2.42146198e-03, -4.01016362e-02,
         3.31539154e-01,  2.16760725e-01, -2.83862621e-01,
         3.03984821e-01, -1.49263188e-01,  1.17747366e-01,
        -5.29093444e-02,  2.23428681e-02, -1.24019578e-01,
         1.29553691e-01],
       [ 3.38839740e-02, -1.49915814e-01,  1.73586473e-01,
        -1.68306723e-01, -2.12634131e-01,  2.66666561e-02,
         1.80669576e-02,  2.65602618e-02,  2.06963584e-01,
        -1.96284801e-02,  1.67102441e-01, -7.64749348e-02,
         2.12985352e-01,  1.18933022e-02, -7.58047402e-03,
         2.10700735e-01,  1.36838868e-01,  3.10637802e-02,
        -1.53786927e-01, -1.35420069e-01, -5.02182394e-02,
        -6.85793757e-02,  1.01112917e-01, -1.61605686e-01,
        -6.43428862e-02, -1.62217423e-01, -8.17439556e-02,
        -2.92005837e-02,  1.96198031e-01,  3.32473218e-03,
         1.46910384e-01,  1.76264778e-01, -2.02810556e-01,
         1.83738872e-01,  1.38145819e-01, -2.10323051e-01,
         8.91687423e-02, -3.53971571e-02,  1.19416788e-01,
         1.81221172e-01, -6.15027547e-02, -6.51538223e-02,
        -1.13690525e-01,  1.04909375e-01, -1.61374837e-01,
        -1.01362638e-01, -8.90256613e-02, -1.54230237e-01,
         6.29142374e-02, -8.80238861e-02, -7.85042346e-02,
        -1.88692465e-01,  1.74241111e-01,  8.29929858e-02,
         4.38208133e-02,  1.58618733e-01,  1.59631863e-01,
         1.88854337e-03,  1.00860789e-01, -1.68351948e-01,
        -2.07971483e-02,  2.04388812e-01,  1.75457001e-02,
        -1.39502525e-01],
       [-1.39803499e-01,  2.36858830e-01,  2.73960799e-01,
        -1.46525100e-01,  5.50565384e-02,  1.69547856e-01,
        -9.96516421e-02, -2.22392708e-01, -1.35825187e-01,
        -1.41016006e-01, -3.22158962e-01,  4.29250896e-01,
         1.83870316e-01, -3.30598980e-01, -3.56093631e-03,
         2.70816386e-01, -8.81191343e-02,  7.81366676e-02,
        -4.89909574e-02, -4.65255417e-02,  1.63704202e-01,
         1.56041279e-01,  1.08331271e-01,  1.05222747e-01,
         2.78157800e-01, -9.50880125e-02,  1.87488139e-01,
         1.43926486e-01, -7.41467327e-02, -1.07253283e-01,
         1.71081781e-01, -3.68966907e-02,  5.44090755e-02,
        -1.63793460e-01,  2.98679923e-03, -4.80838567e-01,
        -2.80518550e-02,  2.44732976e-01, -4.04554516e-01,
         9.97044221e-02, -1.66160822e-01,  2.84574389e-01,
         1.67762153e-02,  4.09560241e-02,  2.23728120e-01,
         2.72699475e-01, -2.37880815e-02, -3.84081125e-01,
         3.75599414e-01, -6.39104024e-02, -1.89100564e-01,
         1.54128268e-01, -1.12272419e-01,  5.67024536e-02,
        -3.37435491e-02,  1.48240343e-01,  2.62943655e-01,
        -6.87823072e-02,  9.34093818e-02,  6.90683275e-02,
         1.67912319e-01,  3.51252966e-02,  1.58278063e-01,
         4.65579569e-01],
       [-1.54735222e-01, -8.57035667e-02, -5.75543493e-02,
        -1.07342921e-01,  7.87693411e-02, -1.71976581e-01,
        -9.49859694e-02,  1.89121321e-01,  4.34110612e-02,
         8.86997432e-02,  1.84614971e-01,  1.03432551e-01,
         7.26228207e-02,  5.72064370e-02,  5.10638803e-02,
        -1.05531454e-01,  9.70883667e-03,  1.35940954e-01,
         6.02203757e-02, -1.58165053e-01, -5.05881011e-02,
         5.76537102e-02,  3.16800028e-02, -1.07797325e-01,
        -1.24781415e-01,  1.97779343e-01,  1.52052179e-01,
        -1.45664513e-02,  1.74740836e-01,  1.47867098e-01,
         7.34442621e-02,  2.88221091e-02,  1.47823587e-01,
         2.10758880e-01, -2.01111555e-01, -2.05086917e-02,
         1.28113315e-01,  8.39114040e-02, -1.74080431e-02,
        -2.04966888e-01,  1.53332099e-01, -7.24454969e-02,
        -1.85760289e-01,  6.11036271e-02, -5.57854176e-02,
        -1.76745564e-01,  2.79081911e-02, -4.47935313e-02,
         5.86618930e-02,  2.76636779e-02, -2.09173799e-01,
        -1.15719162e-01,  1.64612457e-01, -2.14764610e-01,
         1.78261682e-01,  4.45660502e-02,  2.00915635e-02,
         1.67744160e-02,  1.61088809e-01,  3.01982313e-02,
         1.56652048e-01, -1.68858796e-01, -1.13163650e-01,
        -1.56131685e-01],
       [-1.99842244e-01,  1.50286287e-01,  6.83466047e-02,
         4.96196896e-02,  6.04210421e-02, -1.45312756e-01,
        -2.30824918e-01, -1.34267747e-01,  3.29633839e-02,
        -7.06395367e-03, -2.52044022e-01,  3.37829709e-01,
         4.35545743e-02, -6.46102950e-02,  9.32683051e-02,
         1.25161022e-01,  6.00133762e-02,  7.32121393e-02,
         8.43970403e-02,  1.12119503e-01, -2.12738030e-02,
         3.34420562e-01, -5.06414361e-02,  3.47138733e-01,
        -2.14643460e-02,  2.71543443e-01,  1.71053693e-01,
         1.59374401e-01,  2.07550287e-01,  1.56521931e-01,
        -5.93374260e-02,  1.24539644e-03,  1.02323152e-01,
        -1.63604781e-01,  1.40678942e-01, -5.13130009e-01,
         2.31861085e-01,  2.92589694e-01, -1.10605201e-02,
         4.89953831e-02, -2.66188122e-02,  2.24450931e-01,
        -1.86458796e-01,  1.37973443e-01,  5.77583164e-02,
         1.25779152e-01, -3.62072587e-01, -1.88306913e-01,
         3.14503133e-01, -1.55765221e-01,  6.86212257e-02,
         1.11218527e-01, -8.85279104e-02, -2.23449990e-02,
        -2.49399859e-02,  2.59985119e-01,  2.59381413e-01,
         8.60664994e-02,  1.99802760e-02,  5.87211847e-02,
         5.47589734e-03, -2.09504083e-01,  2.48813108e-02,
         1.30406767e-01],
       [ 1.67074595e-02,  3.35909396e-01,  4.61488478e-02,
         2.95729578e-01,  4.18046722e-03, -1.45648673e-01,
         1.19705861e-02, -7.07664490e-02, -4.61212039e-01,
        -1.31334528e-01, -2.69784987e-01,  9.42009166e-02,
         1.96615979e-01,  1.22228712e-01,  2.92503476e-01,
         6.61678016e-02, -6.40581101e-02, -2.85914913e-02,
        -1.40137941e-01,  7.04662576e-02,  1.05671234e-01,
         2.09701553e-01, -7.02178618e-03,  1.52280539e-01,
        -9.14295167e-02,  2.21085146e-01,  3.74839514e-01,
         1.97306588e-01,  2.79873833e-02,  2.88321525e-02,
        -2.03405634e-01,  3.43182594e-01, -4.79221111e-03,
        -1.76912427e-01, -1.18036024e-01, -1.47665422e-02,
         1.55493396e-03, -6.15452677e-02,  2.98881996e-02,
        -1.76510081e-01, -4.21020109e-03,  2.28362352e-01,
         2.12699994e-01,  8.47614259e-02,  1.34506077e-01,
         1.42178088e-01, -1.91418808e-02, -1.58338562e-01,
         2.62811452e-01, -1.24329560e-01, -1.76525757e-01,
         1.89081222e-01, -2.75986820e-01, -2.59047523e-02,
         2.58921593e-01,  1.25894353e-01, -5.66838570e-02,
         2.07545206e-01, -2.33991534e-01,  6.45144880e-02,
         1.17089570e-01,  1.73055218e-04, -1.82906583e-01,
         1.45378932e-01],
       [-2.74176206e-02,  2.01594830e-01,  1.63644314e-01,
        -7.91575909e-02, -4.96913269e-02,  2.21185535e-02,
        -6.76617101e-02,  9.03476849e-02, -1.30753532e-01,
         1.71493709e-01,  1.14843331e-01, -1.56839907e-01,
         1.47070527e-01,  2.47463733e-01, -7.49552697e-02,
        -3.93299945e-02,  7.05242828e-02,  2.59963185e-01,
         5.48092537e-02,  4.02219981e-01,  1.85083762e-01,
        -6.49022907e-02, -3.42868231e-02,  1.34940118e-01,
         2.93373853e-01, -2.97906399e-02, -3.07345800e-02,
        -1.21265486e-01,  3.00032943e-01,  2.05832183e-01,
         1.58938959e-01,  7.91340098e-02,  9.63059738e-02,
         1.84760839e-01, -9.25201029e-02, -1.04761034e-01,
        -1.31476656e-01,  1.94504946e-01,  1.00238554e-01,
         1.13720059e-01, -1.23993978e-01,  1.78158581e-01,
        -6.13840409e-02,  1.45101398e-01, -8.91518518e-02,
        -1.30134728e-02, -1.03474721e-01,  5.84526993e-02,
         1.03808768e-01, -8.67232308e-02, -2.03753948e-01,
         7.64975250e-02,  1.11146860e-01, -2.31968705e-02,
        -3.39658335e-02, -4.53152448e-01,  1.34714589e-01,
         8.53892043e-02, -1.62765354e-01, -4.98522706e-02,
         2.96286553e-01,  2.08379179e-01, -1.33287400e-01,
         1.28349394e-01],
       [-2.79430449e-02,  2.69829780e-02,  2.03020737e-01,
         3.76917869e-02,  8.60545784e-02, -1.26678169e-01,
        -1.14335202e-01,  2.11985841e-01, -1.83757871e-01,
         1.45397022e-01,  1.20781064e-02,  1.92230955e-01,
        -6.38172477e-02, -1.47261351e-01, -8.35582763e-02,
         1.74362376e-01,  1.68404803e-01,  1.09051421e-01,
         1.16439208e-01, -1.02688015e-01, -5.34185767e-02,
        -9.03168172e-02,  9.43202525e-02, -1.80628106e-01,
        -1.57786697e-01, -1.95073664e-01, -2.10666955e-02,
        -6.48686886e-02,  1.08618990e-01, -1.44919544e-01,
        -1.61395013e-01,  5.86270541e-02, -1.48846805e-02,
         2.14490876e-01, -1.02004215e-01, -1.80442542e-01,
         7.64547437e-02, -9.74695757e-02,  6.33372366e-03,
        -1.94847420e-01,  1.45461753e-01,  9.31338966e-03,
        -1.67371482e-01,  2.00785056e-01,  1.76670551e-02,
        -1.08777583e-02,  1.45276442e-01,  5.74144721e-03,
        -3.46284956e-02, -1.97895378e-01,  1.53694317e-01,
        -1.23487324e-01,  2.79334933e-02,  5.07860929e-02,
         7.90843815e-02,  1.45899728e-01, -3.73657495e-02,
         2.49601752e-02, -1.53013825e-01, -1.93788111e-03,
        -6.79290295e-02,  7.18363374e-02,  5.92235774e-02,
        -3.01244557e-02],
       [ 1.06152579e-01,  1.15140602e-01, -3.86140496e-02,
         1.09706566e-01, -3.60429138e-02, -6.71512783e-02,
        -1.83740020e-01, -6.48093671e-02,  2.27313191e-02,
         1.32526800e-01, -1.45363256e-01,  1.99396297e-01,
        -1.84645206e-02, -1.69023186e-01,  1.11320987e-01,
         1.10904083e-01,  3.75297517e-02, -1.76676407e-01,
         1.87407091e-01,  1.97217092e-01,  6.75031096e-02,
         2.31857598e-03, -3.16697359e-02, -9.89809334e-02,
        -1.98766142e-01,  1.45146027e-01, -1.88285649e-01,
        -1.40116513e-02, -2.01583043e-01, -9.87355411e-03,
         8.68690163e-02,  6.24677688e-02, -1.21302456e-02,
         1.11115426e-02, -3.49759459e-02, -7.86605924e-02,
         1.35662302e-01, -4.37000841e-02,  1.25876203e-01,
         7.01464862e-02,  1.13821521e-01, -1.59780681e-01,
        -2.12718949e-01, -1.62265167e-01,  2.64838189e-02,
        -9.82624963e-02,  1.11436382e-01,  6.02900982e-03,
        -9.64500457e-02, -2.11370811e-01, -1.21754929e-01,
        -1.43240839e-01, -1.98147297e-02, -1.01542786e-01,
         1.19900405e-02, -1.15235850e-01, -1.04147129e-01,
         2.09747806e-01,  1.17139980e-01, -6.94995373e-02,
         3.51637751e-02,  1.90724805e-01, -1.09271877e-01,
        -1.80992335e-01],
       [-4.67637330e-02, -5.49861304e-02, -4.33912575e-02,
        -5.78599460e-02, -5.65536413e-03, -1.26860035e-03,
         1.51717559e-01,  1.38448551e-01,  2.75340527e-02,
        -1.91993028e-01,  1.91774234e-01, -1.85900450e-01,
         1.08316101e-01,  4.16430756e-02, -1.02158666e-01,
         2.05083601e-02, -5.27303433e-03, -1.14836365e-01,
        -1.42413557e-01, -1.04259532e-02, -1.19895712e-01,
         1.18138446e-02, -1.15592562e-01, -1.99818313e-01,
        -1.48936436e-02, -4.70664119e-03, -5.40739894e-02,
        -1.68251470e-01,  1.85315609e-01,  1.53770760e-01,
        -4.14886512e-02,  1.77869409e-01, -9.26167071e-02,
        -1.34134069e-01,  7.20534399e-02,  6.72541112e-02,
        -1.84318870e-01, -8.16352889e-02,  2.07944751e-01,
        -1.28959149e-01,  5.48288859e-02, -2.55697332e-02,
         2.64981873e-02,  1.29985780e-01,  1.40429646e-01,
        -1.25507712e-01, -1.05193757e-01,  4.00684625e-02,
         1.39688864e-01, -3.13502699e-02, -8.56526196e-02,
        -2.68989317e-02, -1.14775911e-01,  1.87861621e-02,
        -1.80074990e-01,  1.92067280e-01, -1.05574146e-01,
         2.04618722e-01, -9.26975831e-02,  1.24912942e-03,
        -1.64592266e-01,  1.04111895e-01, -1.41734213e-01,
         4.32941616e-02],
       [-7.86944330e-02,  2.66591549e-01,  1.41054496e-01,
         2.71852195e-01,  5.19004285e-01,  2.85437591e-02,
        -8.27665105e-02, -7.33534321e-02, -1.48948044e-01,
         2.31625494e-02,  6.02718219e-02, -2.76362598e-01,
         3.36023569e-01,  3.84461045e-01,  1.78565189e-01,
        -2.62377590e-01, -6.27294004e-01, -2.85972152e-02,
         1.59369379e-01, -2.36357525e-02, -1.98678315e-01,
         7.74566531e-02, -1.19317085e-01, -2.42148682e-01,
        -6.11685157e-01, -1.37967452e-01,  4.33896631e-01,
        -3.55083108e-01, -1.12863250e-01,  6.60273656e-02,
        -1.74934104e-01,  7.28316009e-01,  1.20551579e-01,
        -2.15536311e-01, -5.62760457e-02, -4.91554402e-02,
         1.11141756e-01, -1.04904436e-01,  1.23232804e-01,
         1.88264728e-01,  2.25259945e-01,  2.62305409e-01,
         4.78014201e-01, -2.77763307e-01,  2.63648987e-01,
         8.06185827e-02, -1.58055484e-01,  7.30916634e-02,
        -1.48673877e-01,  2.22189277e-02,  7.76491240e-02,
        -1.13571241e-01,  2.78669536e-01,  7.12474361e-02,
         3.79946172e-01,  2.23858908e-01, -4.28313851e-01,
         4.60228682e-01, -1.62401691e-01,  5.78434356e-02,
         7.39983767e-02,  3.95341128e-01, -4.95749786e-02,
         1.48041900e-02],
       [ 4.47428077e-02,  2.13683903e-01,  2.81929336e-02,
         3.26337397e-01,  3.11118603e-01, -3.80016640e-02,
        -2.17294410e-01,  3.06362920e-02, -1.43045977e-01,
         7.42948577e-02, -4.80427384e-01, -1.41309842e-01,
         3.49575281e-01,  5.17708138e-02,  2.31510699e-01,
        -3.66029888e-02, -2.64601499e-01, -1.82679325e-01,
         1.92896388e-02,  2.34429277e-02,  2.45445669e-01,
         2.52365172e-01, -1.47358134e-01,  1.23688534e-01,
        -2.63330400e-01,  1.79106623e-01,  2.89775908e-01,
        -2.16003079e-02, -5.27626947e-02,  8.85998160e-02,
        -8.17982405e-02,  3.91789347e-01,  1.11056015e-01,
        -9.54492018e-02, -3.91223952e-02, -1.74820155e-01,
         2.16062993e-01, -1.01069398e-01,  1.38680220e-01,
         1.25479922e-01,  1.47291943e-01,  2.97802240e-01,
         1.86216116e-01, -2.42010519e-01, -4.36712168e-02,
         3.65491092e-01, -1.26010731e-01,  4.55303714e-02,
        -1.05776571e-01, -9.76315960e-02, -1.73957035e-01,
        -6.44763410e-02, -2.33724460e-01,  3.46178979e-01,
         3.29054445e-01,  8.14446583e-02, -1.17968306e-01,
         3.92708272e-01, -3.01928639e-01, -1.12812288e-01,
        -6.06126674e-02,  1.27828956e-01, -7.56424218e-02,
         2.16124400e-01],
       [ 2.42123753e-02, -2.36811489e-02, -1.24007232e-01,
         1.86123982e-01,  1.16204426e-01, -1.52536869e-01,
        -3.28688920e-02,  1.46323010e-01, -1.31830573e-01,
         6.88377172e-02, -5.97355217e-02, -4.73231375e-02,
         1.76584467e-01, -1.24668986e-01, -6.88827038e-03,
         3.84459347e-02,  1.05570987e-01,  8.90370160e-02,
        -1.76187158e-01, -1.96998268e-02,  1.71516255e-01,
         1.24801695e-02,  1.46743044e-01, -1.55950859e-01,
         4.42775637e-02, -2.02175170e-01, -7.69051760e-02,
         9.67120081e-02,  1.80582747e-01, -1.87540323e-01,
        -1.30733162e-01,  2.54020840e-02, -9.01798159e-02,
         2.03487173e-01,  9.89355594e-02,  1.12058267e-01,
        -1.08102553e-01,  2.10287526e-01,  1.00424454e-01,
        -7.31149316e-03, -4.35665548e-02, -1.32746667e-01,
         4.23281044e-02,  7.55867213e-02,  1.71081409e-01,
         4.07727808e-02,  1.66003987e-01,  6.70232028e-02,
         2.67239958e-02,  9.88443345e-02,  1.83916286e-01,
        -2.17031687e-02, -6.40642494e-02,  5.32605797e-02,
        -1.87503263e-01, -1.38547659e-01, -7.77591765e-02,
        -3.34173441e-02, -1.99061483e-02,  2.91736424e-02,
         5.48728853e-02,  1.32070050e-01,  1.39509752e-01,
         2.04440162e-01],
       [ 2.07570761e-01,  1.20235607e-01,  2.72298992e-01,
         2.24990427e-01,  3.91286761e-02,  2.00866252e-01,
        -9.39384550e-02,  2.70881027e-01,  6.70437589e-02,
        -1.00521907e-01,  1.88970305e-02, -1.29263058e-01,
         2.47418031e-01,  1.88852414e-01,  1.18365243e-01,
        -4.86710221e-02,  2.88629174e-01,  7.07000308e-03,
         1.44379988e-01,  1.28192887e-01,  1.50853559e-01,
         2.20673513e-02,  2.34297350e-01,  1.17154606e-01,
         1.43392652e-01,  1.61361232e-01,  1.07961804e-01,
         6.24615774e-02,  8.97087976e-02, -3.34520824e-02,
         2.06825078e-01, -3.73450592e-02,  2.63059348e-01,
         2.09321398e-02, -6.17189296e-02,  9.78048053e-03,
        -5.86790442e-02,  1.89573631e-01,  4.31043580e-02,
        -1.51180282e-01,  1.04481671e-02,  4.08087783e-02,
        -1.12953670e-01, -5.77615015e-02, -2.05304757e-01,
         2.14131042e-01,  5.64670525e-02,  1.35601953e-01,
         8.85122120e-02, -8.88113901e-02, -1.86747819e-01,
         1.09975643e-01,  1.28020808e-01,  1.36950538e-01,
        -2.92791650e-02, -4.79356527e-01,  6.55552298e-02,
        -4.42295633e-02,  8.47924873e-02, -5.73709700e-03,
         2.56043583e-01,  2.44112879e-01,  1.88912034e-01,
         1.64491162e-01],
       [ 4.07817513e-02, -1.82087690e-01,  1.52933910e-01,
         3.44899416e-01,  4.41428810e-01,  1.71308309e-01,
         6.74021319e-02,  9.63588357e-02,  1.42863885e-01,
         3.06728154e-01,  2.35908136e-01, -2.58947432e-01,
         1.02970421e-01,  1.54916108e-01, -9.59197506e-02,
        -4.90507454e-01, -3.21393162e-01, -4.34889831e-02,
         1.42462894e-01,  5.04102670e-02, -3.58614735e-02,
        -1.57428458e-01, -4.25528735e-02, -4.21301693e-01,
         4.73304559e-03, -1.93952292e-01,  4.23612706e-02,
        -3.64773095e-01, -9.24295485e-02, -1.36101887e-01,
        -2.98264576e-03,  2.83926755e-01,  2.23868221e-01,
        -1.46339368e-02, -4.85319085e-02,  1.43759891e-01,
         5.37644625e-02, -1.49810195e-01,  2.62652695e-01,
         2.61850387e-01,  2.22895592e-01,  2.95019686e-01,
         4.58899736e-01, -1.53358817e-01, -1.09068751e-01,
         2.32092533e-02,  1.79989472e-01,  5.07703424e-01,
        -8.13834906e-01, -1.61534011e-01,  7.57044032e-02,
         5.12757450e-02,  3.17170352e-01,  2.15212300e-01,
         1.89730063e-01, -6.88641250e-01, -4.59041983e-01,
         3.12023133e-01,  6.55139387e-02, -6.90789148e-02,
        -1.38471112e-01,  2.39721552e-01,  9.81443971e-02,
         8.42522606e-02]],  [ 0.11562369,  0.03855566, -0.04617907,  0.16831556,  0.14030237,
       -0.07183005, -0.07127292,  0.21248756, -0.01055611,  0.13396586,
        0.1403574 ,  0.05860861,  0.00931362,  0.02107264,  0.01059996,
        0.12902704,  0.02098153,  0.16479337,  0.09102252,  0.0912157 ,
        0.05388374,  0.01929465,  0.13995352,  0.09258916,  0.14531675,
       -0.02718965,  0.11060967,  0.14387518,  0.14628142, -0.0821533 ,
        0.20230705,  0.08367216, -0.01648908,  0.13009349, -0.06609239,
        0.0373914 ,  0.23424569, -0.01357857, -0.02049532, -0.06975301,
        0.14583227,  0.07610667,  0.0996609 , -0.00532258,  0.15834922,
        0.06661535,  0.03411117,  0.10684438,  0.08125665, -0.06514593,
       -0.05177336,  0.08089178, -0.03300514,  0.23590006, -0.03197129,
        0.14252658,  0.00056199,  0.05942876,  0.00836138,  0.14106673,
        0.05138763, -0.02656434, -0.07971035,  0.13462746],  [[-0.48085344,  0.19452137, -0.04311426, -0.31678194],
       [ 0.10618496, -0.31620157, -0.19464697,  0.09502272],
       [-0.4240442 , -0.26588953, -0.00468661,  0.3327127 ],
       [ 0.41883084,  0.10250878, -0.59196997,  0.12860541],
       [ 0.10046664, -0.15336028, -0.5991435 , -0.0072867 ],
       [-0.48283342, -0.17247902, -0.19348101,  0.23055595],
       [-0.18998304, -0.00291645,  0.13298087, -0.01588793],
       [-0.10686614,  0.36313093,  0.34963486, -0.50021887],
       [-0.27258044,  0.1786958 ,  0.00150751, -0.57499135],
       [ 0.03921789,  0.40049648,  0.15036936, -0.09972597],
       [ 0.56429327,  0.11912974, -0.10873705, -0.98913383],
       [ 0.3464846 , -0.31154543,  0.25857085,  0.18377106],
       [ 0.15431474, -0.28721696, -0.30916312,  0.31821302],
       [-0.10797189,  0.37709633, -0.34820232, -0.01208644],
       [ 0.15126786, -0.28899682, -0.1758819 ,  0.39906082],
       [ 0.3567223 , -0.4903927 ,  0.49029538, -0.20647304],
       [-0.84066933, -0.03821426,  0.26228645,  0.23784503],
       [-0.03242122,  0.34139356,  0.28788847, -0.12579198],
       [-0.30831257,  0.41339523,  0.04234061, -0.02864387],
       [-0.49236363,  0.1801188 ,  0.26621383,  0.0625763 ],
       [ 0.07208107, -0.4590261 ,  0.0027534 ,  0.0149448 ],
       [ 0.21973655, -0.43382728,  0.07812273,  0.00392353],
       [-0.24421686,  0.2759716 ,  0.2123431 , -0.33376166],
       [ 0.2854819 , -0.5629781 ,  0.3723564 , -0.10490243],
       [-1.089231  , -0.24976069,  0.3211226 , -0.11798394],
       [-0.30154648, -0.13127793,  0.23632127,  0.4361309 ],
       [ 0.11840941, -0.38667518, -0.5773861 ,  0.13420668],
       [-0.552307  , -0.08967508,  0.4691526 , -0.14376435],
       [-0.4356136 ,  0.3934526 ,  0.30902845, -0.11531138],
       [-0.02510259, -0.02919297,  0.07675295,  0.3888567 ],
       [ 0.15630017,  0.2334478 ,  0.3457816 , -0.42137077],
       [ 0.25490367,  0.1116611 , -0.5390679 ,  0.2768317 ],
       [-0.26268557,  0.22265345,  0.11951039,  0.17395957],
       [-0.17931922,  0.30930057,  0.32928035, -0.12134714],
       [-0.31872946, -0.14478971, -0.09379   ,  0.29158917],
       [ 0.3374854 ,  0.4062325 ,  0.01654335, -0.65171236],
       [ 0.40405995, -0.9315881 , -1.0977418 ,  0.02474464],
       [-0.4879315 , -0.2598419 ,  0.05235502,  0.3604419 ],
       [-0.30546778,  0.14965795, -0.32195204, -0.14313214],
       [-0.32656744,  0.3250685 , -0.3095871 ,  0.25932476],
       [ 0.27686837,  0.11393987, -0.5088977 , -0.0552032 ],
       [ 0.10714435, -0.40739378, -0.3226936 ,  0.143478  ],
       [ 0.16814093,  0.34770745, -0.59328073,  0.05735517],
       [-0.6468106 , -0.33502668,  0.15726465,  0.1545095 ],
       [ 0.50501704, -0.28016138, -0.38638514, -0.06567883],
       [ 0.31007156, -0.20297511,  0.00967613,  0.30472752],
       [ 0.6075241 ,  0.05924047, -0.14807028, -0.5559822 ],
       [ 0.03012129,  0.2759275 , -0.42027158, -0.15051845],
       [ 0.18328436, -0.5409556 ,  0.2215886 , -0.01202989],
       [ 0.14640306,  0.02822728,  0.07681325,  0.19705673],
       [-0.07343996,  0.12738064,  0.19353387, -0.02690438],
       [-0.40606526,  0.22882025,  0.21976247,  0.02465813],
       [ 0.09883791,  0.32983556, -0.21612963, -0.25912672],
       [ 0.42621073,  0.06537376, -0.6078942 , -0.17722811],
       [-0.0326926 , -0.27988735, -0.4664473 ,  0.35713744],
       [ 1.0889056 , -0.1419525 ,  0.09846167, -0.78752035],
       [-0.4757402 , -0.28047034,  0.39854005,  0.36206147],
       [ 0.18616351, -0.13615932, -0.5050599 ,  0.2154004 ],
       [-0.85255873,  0.10829148,  0.34274617,  0.08495536],
       [ 0.3550542 ,  0.10841826, -0.3030198 , -0.34847596],
       [-0.5997246 ,  0.11786036,  0.3738995 ,  0.27355006],
       [-0.15291087, -0.00403903, -0.5647705 ,  0.06248065],
       [-0.11970358,  0.0979093 , -0.10136282,  0.15750578],
       [ 0.39695868, -0.18094417, -0.03315547,  0.19670066]],
       [ 0.10157112, -0.00055038,  0.00482059, -0.08654387]]